#g_accel g_gyro  g_gz       g_z  g_dz   g_us  g_dus g_direc avoid sensitiv keep_h n_thrott
140000.0 140000.0 180000.0  300.0 100.0 2738.6  0.6   0.0  160 150.0000  90  90 0.045933 
140000.0 140000.0 180000.0  300.0 100.0 2517.7 11.7   0.0  160 150.0000  90  90   0.0 Mon Dec 26 17:40:07 2016
140000.0 140000.0 180000.0  300.0 100.0 2296.8 12.8   0.0  160 150.0000  90  90   0.0 Mon Dec 26 17:40:50 2016
140000.0 140000.0 180000.0  300.0 100.0 2075.9 13.9   0.0  160 150.0000  90  90   0.0 Mon Dec 26 17:46:02 2016
140000.0 140000.0 180000.0  300.0 100.0 2055.0 15.0   0.0  160 150.0000  90  90   0.0 Mon Dec 26 17:47:11 2016
140000.0 140000.0 180000.0  300.0 100.0 2034.1 16.1   0.0  160 150.0000  90  90 3105021378635129206202332102846309996717010261699933776190381447996757091463364043088306047742535402244534288086877625677600446750968702385816768771793584565525535083582676535481530830666744891015600181161286433134683143074780020736.0 Mon Dec 26 17:50:02 2016
481530830666744900680234386791253790297036476385597587456.0     0.0     0.0    0.0   0.0  179.1 11.1   0.0    0 0.0000 4196511 32587 3105021378635129206202332102846309996717010261699933776190381447996757091463364043088306047742535402244534288086877625677600446750968702385816768771793584565525535083582676535481530830666744891015600181161286433134683143074780020736.0 Mon Dec 26 17:51:57 2016
446750968702385814932949453383299374654745790183448021694500698936742397506290946244780335722414900967899136.0     0.0     0.0    0.0   0.0  179.1 11.1   0.0    0 0.0000 4196511 32746   0.0 Mon Dec 26 17:54:34 2016
446750968702385814932949453383299374654745790183448021694500698936742397506290946244780335722414900967899136.0     0.0     0.0    0.0   0.0  358.2 12.2   0.0    0 0.0000 4196511 32746 3105021378635129206202332102846309996717010261699933776190381447996757091463364043088306047742535402244534288086877625677600446750968702385816768771793584565525535083582676535481530830666744891015600181161286433134683143074780020736.0 Mon Dec 26 17:55:08 2016
91463364043088305729024122491711679459661776076470096581368747392061332318608614244208882786079405487454611432528730491573842049333989766003467347015631158378496.0     0.0     0.0    0.0   0.0  179.1 11.1   0.0    0 0.0000 4196511 32652   0.0 Mon Dec 26 17:55:41 2016
     7.0     0.0     0.0    0.0   0.0  179.1 11.1   0.0    0 0.0000 4196511 32724   0.0 Mon Dec 26 17:56:04 2016
     7.0     0.0     0.0    0.0   0.0  358.2 12.2   0.0    0 0.0000 4196511 32724   0.0 Mon Dec 26 17:58:09 2016
     7.0     0.0     0.0    0.0   0.0  537.3 13.3   0.0    0 0.0000 4196511 32724   0.0 Mon Dec 26 17:59:36 2016
     7.0     0.0     0.0    0.0   0.0  716.4 14.4   0.0    0 0.0000 4196511 32724 -999.0 Mon Dec 26 18:00:14 2016
     7.0     0.0     0.0    0.0   0.0  895.5 15.5   0.0    0 0.0000 4196511 32724   0.0 Mon Dec 26 18:00:54 2016
     7.0     0.0     0.0    0.0   0.0 1074.6 16.6   0.0    0 0.0000 4196511 32724   0.0 Mon Dec 26 18:02:48 2016
     7.0     0.0     0.0    0.0   0.0 1253.7 17.7   0.0    0 0.0000 4196511 32724   0.0 Mon Dec 26 18:05:11 2016
     7.0     0.0     0.0    0.0   0.0 1432.8 18.8   0.0    0 0.0000 4196511 32724   0.0 Mon Dec 26 18:05:53 2016
     7.0     0.0     0.0    0.0   0.0 1611.9 19.9   0.0    0 0.0000 4196511 32724   0.0 Mon Dec 26 18:07:24 2016
     7.0     0.0     0.0    0.0   0.0 1791.0 11.0   0.0    0 0.0000 4196511 32724   0.0 Mon Dec 26 18:07:44 2016
     7.0     0.0     0.0    0.0   0.0 1970.1 12.1   0.0    0 0.0000 4196511 32724   0.0 Mon Dec 26 18:09:19 2016
     7.0     0.0     0.0    0.0   0.0 2149.2 13.2   0.0    0 0.0000 4196511 32724   0.0 Mon Dec 26 18:10:10 2016
     7.0     0.0     0.0    0.0   0.0 2128.3 14.3   0.0    0 0.0000 4196511 32724   0.0 Mon Dec 26 18:15:48 2016
     7.0     0.0     0.0    0.0   0.0 2107.4 15.4   0.0    0 0.0000 4196511 32724   0.0 Mon Dec 26 18:18:29 2016
     7.0     0.0     0.0    0.0   0.0 2086.5 16.5   0.0    0 0.0000 4196511 32724   0.0 Mon Dec 26 18:19:35 2016
     7.0     0.0     0.0    0.0   0.0 2065.6 17.6   0.0    0 0.0000 4196511 32724   0.0 Mon Dec 26 18:19:56 2016
     7.0     0.0     0.0    0.0   0.0 2044.7 18.7   0.0    0 0.0000 4196511 32724   0.0 Mon Dec 26 18:20:09 2016
     7.0     0.0     0.0    0.0   0.0 2023.8 19.8   0.0    0 0.0000 4196511 32724   0.0 Mon Dec 26 18:20:48 2016
     7.0     0.0     0.0    0.0   0.0 2002.9 10.9   0.0    0 0.0000 4196511 32724   0.0 Mon Dec 26 18:22:03 2016
     7.0     0.0     0.0    0.0   0.0 2182.0 12.0   0.0    0 0.0000 4196511 32724   0.0 Mon Dec 26 18:24:23 2016
     7.0     0.0     0.0    0.0   0.0 2161.1 13.1   0.0    0 0.0000 4196511 32724   0.0 Mon Dec 26 18:26:12 2016
     7.0     0.0     0.0    0.0   0.0 2140.2 14.2   0.0    0 0.0000 4196511 32724   0.0 Mon Dec 26 18:26:40 2016
     7.0     0.0     0.0    0.0   0.0 2119.3 15.3   0.0    0 0.0000 4196511 32724   0.0 Mon Dec 26 18:28:13 2016
     7.0     0.0     0.0    0.0   0.0 2098.4 16.4   0.0    0 0.0000 4196511 32724   0.0 Mon Dec 26 18:29:16 2016
     7.0     0.0     0.0    0.0   0.0 2077.5 17.5   0.0    0 0.0000 4196511 32724   0.0 Mon Dec 26 18:32:47 2016
     7.0     0.0     0.0    0.0   0.0 2056.6 18.6   0.0    0 0.0000 4196511 32724   0.0 Mon Dec 26 18:35:45 2016
     7.0     0.0     0.0    0.0   0.0 2035.7 19.7   0.0    0 0.0000 4196511 32724   0.0 Mon Dec 26 18:49:05 2016
     7.0     0.0     0.0    0.0   0.0 2014.8 10.8   0.0    0 0.0000 4196511 32724   0.0 Sat Jan  7 11:56:30 2017
     7.0     0.0     0.0    0.0   0.0 2193.9 11.9   0.0    0 0.0000 4196511 32724   0.0 Sat Jan  7 12:01:49 2017
     7.0     0.0     0.0    0.0   0.0 2173.0 13.0   0.0    0 0.0000 4196511 32724   0.0 Sat Jan  7 12:02:15 2017
     7.0     0.0     0.0    0.0   0.0 2152.1 14.1   0.0    0 0.0000 4196511 32724   0.0 Sat Jan  7 12:05:36 2017
     7.0     0.0     0.0    0.0   0.0 2118.0 14.3   0.0    0 0.0000 4196511 32724   0.0 Sat Jan  7 12:05:50 2017
     7.0     0.0     0.0    0.0   0.0 2097.1 15.4   0.0    0 0.0000 4196511 32724   0.0 Sat Jan  7 12:06:41 2017
     7.0     0.0     0.0    0.0   0.0 2076.2 16.5   0.0    0 0.0000 4196511 32724   0.0 Sat Jan  7 12:08:44 2017
     7.0     0.0     0.0    0.0   0.0 2055.3 17.6   0.0    0 0.0000 4196511 32724   0.0 Sat Jan  7 12:09:41 2017
     7.0     0.0     0.0    0.0   0.0 2034.4 18.7   0.0    0 0.0000 4196511 32724   0.0 Sat Jan  7 12:13:45 2017
     7.0     0.0     0.0    0.0   0.0 2013.5 19.8   0.0    0 0.0000 4196511 32724   0.0 Sat Jan  7 12:17:34 2017
     7.0     0.0     0.0    0.0   0.0 2179.4 20.0   0.0    0 0.0000 4196511 32724   0.0 Sat Jan  7 12:17:41 2017
     7.0     0.0     0.0    0.0   0.0 2192.6 11.9   0.0    0 0.0000 4196511 32724   0.0 Sat Jan  7 12:19:16 2017
