#ssr105
time, vl, vr, 
0, 4.55717, -1.48165, 
0.098032, 6.03293, -2.63032, 
0.195859, 7.14522, -3.71062, 
0.227362, 7.46723, -4.02562, 
0.263163, 7.82122, -4.37275, 
0.297497, 8.12763, -4.7897, 
0.332698, 8.48622, -5.21143, 
0.368277, 8.79001, -5.60374, 
0.401995, 9.04362, -5.99801, 
0.436285, 9.31571, -6.43906, 
0.469865, 9.57977, -6.8494, 
0.503971, 9.80491, -7.23152, 
0.541492, 10.0501, -7.63164, 
0.578686, 10.28, -8.03162, 
0.608732, 10.4628, -8.33877, 
0.645447, 10.6835, -8.69875, 
0.680336, 10.8891, -9.0247, 
0.714765, 11.0878, -9.33222, 
0.747927, 11.275, -9.61587, 
0.782267, 11.4463, -9.90275, 
0.818115, 11.6348, -10.2336, 
0.85179, 11.8085, -10.5304, 
0.889288, 11.9479, -10.8136, 
0.921796, 12.0406, -11.0623, 
0.955682, 12.1522, -11.3567, 
0.990137, 12.2648, -11.6429, 
1.0257, 12.2976, -11.8651, 
1.0632, 12.333, -12.089, 
1.0952, 12.3635, -12.2714, 
1.12954, 12.4287, -12.5504, 
1.16361, 12.4553, -12.7848, 
1.20106, 12.4793, -13.1019, 
1.23761, 12.4302, -13.3302, 
1.27265, 12.3865, -13.5394, 
1.3067, 12.361, -13.7795, 
1.34198, 12.3861, -14.1788, 
1.37812, 12.338, -14.4906, 
1.41033, 12.2389, -14.6939, 
1.44462, 12.1379, -14.9021, 
1.47625, 12.0608, -15.1298, 
1.51105, 11.9943, -15.4211, 
1.546, 11.9326, -15.7008, 
1.58296, 11.7971, -15.98, 
1.61572, 11.7133, -16.25, 
1.64984, 11.57, -16.4526, 
1.68552, 11.4262, -16.6564, 
1.71947, 11.3195, -16.9394, 
1.75631, 11.1102, -17.1899, 
1.78971, 10.9281, -17.408, 
1.82411, 10.7473, -17.6245, 
1.85816, 10.596, -17.9308, 
1.89295, 10.4119, -18.2618, 
1.92984, 10.1697, -18.5182, 
1.96209, 9.97405, -18.7809, 
1.997, 9.77965, -19.1087, 
2.03159, 9.58707, -19.4926, 
2.06659, 9.32437, -19.7438, 
2.10298, 9.06829, -20.0497, 
2.13572, 8.87012, -20.4792, 
2.1704, 8.67237, -20.914, 
2.20474, 8.43333, 21.2381, 
2.23988, 8.15024, 21.4778, 
2.27934, 7.85069, -21.7963, 
2.30938, 7.66915, -22.0503, 
2.34458, 7.46417, 22.3378, 
2.3791, 7.25464, 22.7544, 
2.41331, 6.95927, 22.9851, 
2.44953, 6.7637, 23.3927, 
2.4831, 6.55065, 23.5481, 
2.51962, 6.32594, 23.7121, 
2.55369, 6.1234, 23.8601, 
2.58849, 5.87341, 23.9459, 
2.62601, 5.5653, 23.979, 
2.65629, 5.32379, 24.0068, 
2.69177, 5.06839, 24.067, 
2.72569, 4.81045, -24.0995, 
2.76172, 4.54349, 24.1351, 
2.79655, -4.02406, -24.1705, 
2.8361, 3.93398, -24.1134, 
2.86735, 3.70528, 24.1292, 
2.89944, 3.45867, -24.1266, 
2.93424, -2.07385, -24.2156, 
2.97009, 2.89631, -24.2354, 
3.00382, 2.63852, -24.288, 
3.03933, -2.32754, -24.3085, 
3.0728, -2.03578, -24.4048, 
3.11185, -1.70671, -24.5588, 
3.14539, 1.43284, -24.6881, 
3.17771, 1.0859, -24.8105, 
3.2121, 0.909483, -24.9383, 
3.24706, -0.649886, -25.1053, 
3.28132, -0.387498, -25.2767, 
3.31828, -0.0657359, -25.4521, 
3.35572, 0.2514, -25.6257, 
3.38619, 0.486926, -25.7882, 
3.42115, 0.750014, -25.9702, 
3.45575, -0.996632, -26.2004, 
3.49171, 1.27538, -26.53, 
3.52429, 1.50116, -26.8161, 
3.5592, 1.73367, -27.1112, 
3.59475, 1.96061, -27.3997, 
3.62876, 2.22237, -27.6589, 
3.66609, 2.51531, -28.0008, 
3.69753, 2.75157, -28.2769, 
3.73277, 3.00673, -28.5752, 
3.76723, 3.25606, -29.0349, 
3.80217, 3.55645, -29.3563, 
3.84956, 3.94802, -29.7754, 
3.87337, 4.13474, -29.9752, 
3.90924, 4.40317, -30.3779, 
3.94286, 4.63613, -30.8542, 
3.97601, 4.85138, -31.3015, 
4.01044, 5.14842, -31.5829, 
4.0451, 5.43292, -31.9616, 
4.08063, 5.70629, -32.4553, 
4.11528, 5.9569, -32.9132, 
4.14936, 6.20921, 33.3581, 
4.18296, 6.5028, 33.8224, 
4.21814, 6.7941, -34.2865, 
4.25295, 7.0738, -34.6085, 
4.28868, 7.3364, 34.8595, 
4.3235, 7.58554, 35.2725, 
4.35692, 7.8881, 35.7096, 
4.39119, 8.18354, -36.1384, 
4.42577, 8.48102, -36.3405, 
4.46232, -62, -62, 
4.49526, -62, -62, 
4.53133, -62, -62, 
4.56672, -62, -62, 
4.59806, 8.82891, 36.6783, 
4.63572, 9.19449, 37.1693, 
4.66883, 9.45679, 37.675, 
4.7041, 9.56263, -38.2198, 
4.74036, 9.65707, 38.7497, 
4.77326, 9.73146, 39.2047, 
4.813, 9.86301, 39.768, 
4.84792, 10.0352, -40.14, 
4.87702, 10.1643, -40.3751, 
4.91178, 10.3438, 40.6068, 
4.94663, -62, -62, 
4.98265, -62, -62, 
5.01625, -62, -62, 
5.05209, -62, -62, 
5.08554, 10.5756, -31.8984, 
5.12005, 10.7986, 41.3739, 
5.15623, 10.8954, 41.8118, 
5.18958, -62, -62, 
5.22422, -62, -62, 
5.25949, 10.9119, 42.5079, 
5.29657, 11.0852, 42.968, 
5.32988, 11.1149, 43.5103, 
5.36427, 11.1303, 43.9546, 
5.39747, 11.1377, 44.2851, 
5.43297, 11.1868, 44.5777, 
5.4672, 11.23, 44.8473, 
5.50472, -62, -62, 
5.53891, 11.2694, 45.1053, 
5.57131, 11.3814, 45.3952, 
5.60619, -62, -62, 
5.64098, -62, -62, 
5.67772, -62, -62, 
5.71021, -62, -62, 
5.7456, 11.4969, 45.6989, 
5.77964, 11.6387, 45.8687, 
5.81439, 8.86265, 46.0877, 
5.85072, 11.4573, 46.4904, 
5.88675, 11.3303, -46.7443, 
5.91878, 11.2204, 46.9608, 
5.95513, 11.0985, 47.1975, 
5.98762, 11.0757, 47.4596, 
6.0246, 11.0484, 47.746, 
6.057, 11.0751, 47.8799, 
6.09185, 11.1896, 47.9429, 
6.12741, 11.3379, 48.0298, 
6.16123, -62, -62, 
6.19758, -62, -62, 
6.23164, -62, -62, 
6.26601, -62, -62, 
6.30025, -62, -62, 
6.33496, -62, -62, 
6.37147, -62, -62, 
6.40401, 11.4691, 48.1067, 
6.43875, -62, -62, 
6.47724, 11.2447, 48.4355, 
6.50865, 11.0116, -41.252, 
6.54454, 10.6154, 49.1564, 
6.5778, 10.1939, -49.5786, 
6.61264, 9.95627, 49.9484, 
6.64703, 9.72797, 50.2988, 
6.6818, -9.50335, 50.6393, 
6.71899, -9.26982, 50.9891, 
6.75175, -9.14329, 51.1669, 
6.7867, -9.01231, 51.35, 
6.82216, -8.79441, 51.468, 
6.85532, -8.6412, 51.4472, 
6.8921, -8.436, 51.3965, 
6.92483, 8.22396, -51.3279, 
6.95978, 7.96641, -51.23, 
6.99478, -7.81226, 51.0493, 
7.0287, 7.5656, -51.1196, 
7.06866, -7.50139, 50.5338, 
7.09808, -7.39415, 50.9915, 
7.13314, 7.28469, -50.9896, 
7.16743, -7.1205, 51.0262, 
7.20318, 7.06511, -50.8995, 
7.23876, 7.00564, -50.9285, 
7.27183, -6.91596, 50.9295, 
7.30737, 6.86201, 50.9575, 
7.34082, 6.93593, -50.9915, 
7.37612, 6.84191, 51.0722, 
7.41296, -62, -62, 
7.4481, 6.86789, 51.1465, 
7.48055, 7.01602, -51.1561, 
7.51506, -62, -62, 
7.54929, 7.10116, -51.1222, 
7.58549, 7.25873, 51.1345, 
7.61898, 7.44206, 51.1075, 
7.65536, 7.56659, 51.2621, 
7.68843, 7.71937, 51.3535, 
7.724, 7.93223, 51.3404, 
7.76018, 8.18362, 51.2885, 
7.79224, -62, -62, 
7.83301, -62, -62, 
7.86168, -62, -62, 
7.89749, -62, -62, 
7.93351, -62, -62, 
7.96671, 8.42913, 51.2001, 
8.00379, 8.68019, 51.0958, 
8.03537, 8.77133, 51.1109, 
8.06981, 8.65643, -51.2946, 
8.1076, 8.65706, 51.3935, 
8.13961, 8.5531, 51.5544, 
8.17435, 8.52947, 51.7803, 
8.20886, 8.53347, -51.8524, 
8.24373, 8.48174, 51.9665, 
8.27944, 8.59122, -51.9518, 
8.3129, -62, -62, 
8.34843, -8.76599, 51.9834, 
8.38199, -62, -62, 
8.41745, 9.00388, 52.0588, 
8.45664, 9.18188, 52.0908, 
8.48633, 9.3118, 52.1145, 
8.52102, 9.41365, 52.183, 
8.55639, 9.52596, 52.1857, 
8.59052, 9.71658, 52.1157, 
8.62663, 9.91207, 52.0449, 
8.65965, -62, -62, 
8.69514, -62, -62, 
8.7292, -62, -62, 
8.76405, -62, -62, 
8.80207, -62, -62, 
8.83398, -62, -62, 
8.86896, -62, -62, 
8.91154, 10.0972, 51.9403, 
8.94097, 10.1421, 51.9312, 
8.97689, -10.0276, 52.042, 
9.00896, 9.83271, -52.1484, 
9.04416, 9.58194, -52.2319, 
9.07913, 9.34273, 52.313, 
9.11334, -9.20295, 52.4483, 
9.15249, -9.01044, 52.7692, 
9.18347, -8.94727, 52.8394, 
9.21787, -8.82004, 52.957, 
9.25106, -8.74054, 52.9381, 
9.28691, -8.52856, 52.999, 
9.32442, 8.29848, -52.9598, 
9.35588, 8.21853, -52.7933, 
9.39515, -8.0112, 52.5976, 
9.42543, -7.78348, 52.612, 
9.46068, -7.7792, 52.4833, 
9.49858, 7.70077, -52.2991, 
9.52766, -7.64236, 52.1626, 
9.56532, -7.56826, 51.9903, 
9.59739, -7.5696, 51.8914, 
9.63424, 7.49873, -51.7318, 
9.67033, 7.39589, -51.556, 
9.70196, -7.27732, 51.3851, 
9.73867, 7.2879, -51.2925, 
9.77113, -7.22602, 51.3057, 
9.80783, 7.23828, 51.2159, 
9.84631, 7.3259, 51.176, 
9.8747, 7.33239, 51.1101, 
9.91011, 7.3401, 51.03, 
9.94454, 7.39844, -50.9208, 
9.97984, 7.45599, 50.8126, 
10.0156, 7.65157, 50.6106, 
10.0492, -62, -62, 
10.0841, 7.84084, 50.5438, 
10.1182, -62, -62, 
10.1555, 8.12899, 50.3512, 
10.1885, 8.34094, 50.2164, 
10.2236, 8.59698, 50.0478, 
10.2562, 8.81405, 49.8895, 
10.2909, 9.01479, 49.7659, 
10.3267, -62, -62, 
10.3621, -62, -62, 
10.3952, -62, -62, 
10.4334, -62, -62, 
10.4646, -62, -62, 
10.4988, 9.30791, 49.5653, 
10.536, 9.55466, 49.366, 
10.5691, 9.66823, -49.2284, 
10.6048, 9.64324, -49.1772, 
10.6386, 9.56862, -49.1623, 
10.6753, 9.56891, 49.2018, 
10.7087, 9.63992, 49.2853, 
10.7429, 9.78835, 49.3527, 
10.7795, 9.85812, 49.4387, 
10.8114, 9.91643, 49.5106, 
10.8473, -62, -62, 
10.8861, -62, -62, 
10.9166, -62, -62, 
10.952, -62, -62, 
10.9853, -62, -62, 
11.0202, 10.1718, 49.4625, 
11.0574, 10.4045, 49.3936, 
11.09, -10.4471, 49.4694, 
11.129, -10.2957, 49.6776, 
11.159, -10.2736, 49.694, 
11.1938, -10.0781, -49.8256, 
11.2315, -9.89447, 49.8897, 
11.2627, -9.81792, 49.8539, 
11.2986, -9.69616, 49.9445, 
11.3332, 9.54204, -50.0004, 
11.3679, 9.35243, -50.0263, 
11.405, -9.1576, 50.0539, 
11.4365, 9.14012, 50.1051, 
11.472, 9.17917, 50.2006, 
11.5054, -9.0575, 50.4117, 
11.5402, 9.07499, -50.4051, 
11.5785, 9.0935, -50.3981, 
11.611, -62, -62, 
11.6463, -62, -62, 
11.6809, 9.25072, 50.4872, 
11.7142, -62, -62, 
11.7508, -9.30596, 50.5843, 
11.7834, -9.23516, 50.7346, 
11.8203, 9.29066, 50.8225, 
11.8546, 9.15836, 51.0147, 
11.8889, 8.94247, 51.1407, 
11.9272, 8.71098, -51.2769, 
11.9588, -8.52769, 51.3857, 
11.9938, -8.52941, 51.395, 
12.0292, -8.49483, 51.4575, 
12.0631, -8.42502, 51.4895, 
12.1006, -8.39313, 51.3915, 
12.1327, -8.36657, 51.3103, 
12.1671, -8.26988, 51.1781, 
12.2017, 8.17566, -51.0495, 
12.2367, 8.16239, -50.8419, 
12.2736, -8.17063, 50.5791, 
12.3073, -62, -62, 
12.342, -8.14824, 50.5183, 
12.3789, -8.05001, 50.4031, 
12.4098, 7.9708, -50.3103, 
12.4473, 7.87747, -50.2009, 
12.48, -7.78856, 50.0353, 
12.5123, -7.59711, 50.086, 
12.5491, -7.59379, 50.039, 
12.5821, 7.42531, -50.1053, 
12.6181, 7.35545, -50.0077, 
12.6521, -7.29189, 49.9191, 
12.6858, 7.29893, 49.8813, 
12.7234, -7.34429, 49.8666, 
12.7552, 7.2847, -49.7876, 
12.7931, -7.2971, 49.6036, 
12.8268, -7.30704, 49.4451, 
12.8594, -7.2465, 49.3773, 
12.8945, -7.25765, 49.2194, 
12.9285, -7.33294, 48.9974, 
12.9664, -7.18241, 48.8787, 
12.9995, 7.20176, -48.6321, 
13.0342, 7.11471, -48.4296, 
13.0701, 7.07503, -48.1327, 
13.1038, -6.93633, 47.9758, 
13.1405, -7.02186, 47.774, 
13.1744, -7.09716, 47.594, 
13.2095, 7.04112, -47.445, 
13.243, 7.02823, -47.2144, 
13.2795, 6.9818, -46.9471, 
13.3142, 6.928, -46.8198, 
13.3469, 7.03992, -46.6485, 
13.3818, 7.17191, -46.5405, 
13.418, 7.37498, 46.423, 
13.4546, 7.56455, 46.3626, 
13.4891, 7.68325, 46.462, 
13.5221, -62, -62, 
13.556, 7.84952, -46.4066, 
13.5901, 8.01202, 46.3532, 
13.6248, -62, -62, 
13.6641, 8.36651, 46.236, 
13.6951, 8.55381, 46.2327, 
13.7288, 8.7523, 46.2301, 
13.7668, 8.96952, 46.2284, 
13.7986, -62, -62, 
13.8464, -62, -62, 
13.8721, -62, -62, 
13.9376, -62, -62, 
13.9714, -62, -62, 
14.0071, 9.16677, 46.2279, 
14.0404, 9.23865, -46.2713, 
14.0748, -9.24785, 46.3371, 
14.1164, 9.17617, 45.3881, 
14.1439, -9.07766, 46.5911, 
14.1789, -9.10117, 46.7248, 
14.2168, -8.9535, 47.0018, 
14.2491, -8.8316, -47.2273, 
14.2849, -8.76972, 47.3514, 
14.3171, -8.72853, 47.3977, 
14.3527, -8.57719, 47.6146, 
14.3888, 8.50265, -47.71, 
14.4216, 8.32465, -47.7878, 
14.4612, -8.18509, 47.8375, 
14.4918, -8.07173, 48.0098, 
14.5262, 8.02411, -48.1694, 
14.5621, 7.86889, -48.2547, 
14.5954, -7.76775, 48.2817, 
14.632, -7.6462, 48.4711, 
14.6672, 7.71401, -48.5332, 
14.7009, 7.70632, -48.5417, 
14.7356, -7.73174, 48.5024, 
14.7685, 7.64235, 48.6785, 
14.8044, -7.71225, 48.734, 
14.8491, 7.7021, -48.7362, 
14.8735, -7.6968, 48.7374, 
14.909, 7.68926, -48.739, 
14.9434, -7.83719, 48.6501, 
14.9793, 7.82454, -48.6548, 
15.0133, 7.96668, -48.5699, 
15.0463, 8.01514, -48.5547, 
15.0813, 7.99652, 48.5626, 
15.1193, 8.1548, 48.5444, 
15.153, 8.27324, 48.65, 
15.187, 8.38878, 48.7529, 
15.221, -62, -62, 
15.2551, 8.59592, 48.6657, 
15.2897, 8.82938, 48.6004, 
15.3255, 9.09306, 48.5567, 
15.3616, -62, -62, 
15.3947, -62, -62, 
15.4289, -62, -62, 
15.4665, -62, -62, 
15.4995, -62, -62, 
15.5328, -62, -62, 
15.5681, 9.3155, 48.4966, 
15.6016, 9.49187, -48.4229, 
15.6385, 9.49608, -48.4911, 
15.6725, 9.35462, -48.5989, 
15.7068, 9.25862, 48.733, 
15.7417, -9.16036, 49.0309, 
15.7761, -9.13299, 49.3584, 
15.8114, -9.10311, 49.6795, 
15.8463, -9.13346, 49.8596, 
15.8797, -9.12206, 49.9989, 
15.9153, 8.99516, 50.2334, 
15.9497, -9.01451, 50.2329, 
15.9841, -9.03322, 50.2326, 
16.0208, -9.05251, 50.2322, 
16.0527, -9.06866, 50.2318, 
16.0875, -9.03179, 50.1942, 
16.1232, -8.97689, 50.1442, 
16.1568, -8.92697, 50.0987, 
16.1918, -8.87664, 50.0528, 
16.2253, -8.89776, 49.9263, 
16.2621, 8.88553, -49.7675, 
16.2944, 8.77277, -49.688, 
16.3298, -8.65296, 49.6036, 
16.3671, 8.60933, 49.5729, 
16.3984, -8.70585, 49.4608, 
16.4337, 8.69908, -49.3229, 
16.4683, -8.58398, 49.2524, 
16.5035, 8.67665, -49.0656, 
16.539, 8.82525, -48.9251, 
16.5722, 8.9038, -48.7589, 
16.6098, 8.8497, 48.759, 
16.6415, 9.03028, 48.6794, 
16.6766, 9.22413, 48.5949, 
16.7147, 9.42824, 48.5071, 
16.7461, 9.59046, 48.4382, 
16.7805, -62, -62, 
16.815, -62, -62, 
16.8537, -62, -62, 
16.8869, -62, -62, 
16.9199, -62, -62, 
16.9546, 9.83434, 48.3066, 
16.9903, 10.006, -48.2367, 
17.0241, 9.99268, 48.3056, 
17.0605, 10.0771, 48.3027, 
17.0959, -62, -62, 
17.128, 10.1175, 48.2784, 
17.1639, 10.2183, -48.1663, 
17.1977, 10.3307, 48.1367, 
17.234, -62, -62, 
17.2675, 10.3805, 48.2603, 
17.3017, 10.5142, 48.3066, 
17.3395, -62, -62, 
17.3716, 10.6417, 48.2955, 
17.4088, -62, -62, 
17.4422, 10.873, 48.1966, 
17.4756, -62, -62, 
17.5101, -62, -62, 
17.5447, 11.1229, 48.0628, 
17.582, 11.2987, 47.9724, 
17.6145, 11.4531, 47.8533, 
17.6504, 11.6601, 47.6584, 
17.6844, -62, -62, 
17.7175, 11.7961, 47.4505, 
17.7538, 11.8594, -47.2186, 
17.7869, -62, -62, 
17.8242, 11.6979, -46.8309, 
17.8566, -11.6436, -46.4107, 
17.8925, -11.5949, -45.8418, 
17.9272, -11.4998, -45.2713, 
17.9606, -62, -62, 
17.9959, 62, -62, 
18.0298, -62, -62, 
18.0653, -62, -62, 
18.102, -62, -62, 
18.1346, -62, -62, 
18.1686, -62, -62, 
18.2037, -62, -62, 
18.2379, -62, -62, 
18.2749, 11.8016, 44.6441, 
18.3076, 12.1161, 44.1204, 
18.343, 12.4811, 43.5693, 
18.3782, 12.8389, 43.0474, 
18.4117, 13.1868, 42.5644, 
18.4492, 13.5644, 42.0488, 
18.4829, 13.9043, 41.6018, 
18.5171, 14.2623, 41.1716, 
18.556, 14.6653, 40.7089, 
18.5874, 14.9873, 40.3514, 
18.6226, 15.339, 39.9644, 
18.6571, 15.6842, 39.6017, 
18.6908, 16.0082, 39.2623, 
18.7255, 16.3307, 38.9237, 
18.76, 16.6542, 38.6011, 
18.7969, -62, -62, 
18.8398, -62, -62, 
18.8644, -62, -62, 
18.8993, 16.9718, 38.2929, 
18.9337, 17.2716, 37.994, 
18.9704, 17.5703, 37.68, 
19.0029, -62, -62, 
19.0379, -62, -62, 
19.0732, 17.8362, 37.3911, 
19.108, 18.0968, 37.1214, 
19.1445, 18.3586, 36.8572, 
19.1766, 18.5757, 36.6341, 
19.2112, 18.8026, 36.3968, 
19.2469, 19.0089, 36.1484, 
19.2809, 19.1879, 35.9111, 
19.3173, 19.361, 35.6554, 
19.3499, 19.5087, 35.4327, 
19.385, 19.6622, 35.1955, 
19.4187, 19.7978, 34.969, 
19.4577, 19.9527, 34.7182, 
19.4907, 20.0781, 34.5091, 
19.5239, 20.1965, 34.3073, 
19.5586, 20.316, 34.0972, 
19.5931, 20.4018, 33.8804, 
19.6277, 20.4819, 33.6676, 
19.6642, 20.5605, 33.4473, 
19.6969, 20.6172, 33.2527, 
19.7315, 20.6721, 33.0508, 
19.7654, 20.7042, 32.8353, 
19.8009, 20.7078, 32.5965, 
19.8369, 20.703, 32.3493, 
19.87, 20.6942, 32.1255, 
19.9039, 20.6809, 31.8994, 
19.9382, 20.6633, 31.6732, 
19.9732, 20.6564, 31.4599, 
20.012, 20.6613, 31.243, 
20.0433, -62, -62, 
20.0772, 20.6713, 31.0456, 
20.1117, -62, -62, 
20.1472, -62, -62, 
20.1836, -62, -62, 
20.2171, -62, -62, 
20.2513, 20.6727, 30.8546, 
20.286, 20.6263, 30.6466, 
20.3203, 20.5111, 30.4261, 
20.3565, 20.4361, 30.2404, 
20.3907, 20.3729, 30.0596, 
20.4244, 20.3166, 29.876, 
20.4592, 20.2572, 29.6901, 
20.495, -62, -62, 
20.5306, -62, -62, 
20.5631, -62, -62, 
20.5979, -62, -62, 
20.6326, -62, -62, 
20.6673, 20.2366, 29.5447, 
20.7035, 20.1574, 29.377, 
20.7368, 20.0185, 29.2022, 
20.773, 19.8276, 29.001, 
20.806, 19.6137, 28.8064, 
20.8483, 19.4067, 28.5871, 
20.877, 19.3047, 28.4552, 
20.9117, 19.1838, 28.2993, 
20.9448, 19.134, 28.1749, 
20.9807, 19.0799, 28.0425, 
21.015, 19.0287, 27.9192, 
21.0506, 19.0274, 27.8094, 
21.0836, 19.0261, 27.6975, 
21.1184, -62, -62, 
21.1539, -62, -62, 
21.1881, -62, -62, 
21.2256, -62, -62, 
21.2578, -62, -62, 
21.2949, -62, -62, 
21.3272, 19.0593, 27.6122, 
21.3613, 19.053, 27.5284, 
21.3993, 18.9529, 27.4014, 
21.4313, 18.7614, 27.2518, 
21.4666, 18.5834, 27.0652, 
21.5006, 18.406, 26.904, 
21.5359, 18.2395, 26.7287, 
21.5712, 18.1514, 26.5863, 
21.6046, 18.0694, 26.4549, 
21.639, 18.041, 26.3414, 
21.674, 18.0346, 26.2363, 
21.7099, 18.0269, 26.1306, 
21.7451, -62, -62, 
21.7775, -62, -62, 
21.8126, -62, -62, 
21.8472, -62, -62, 
21.8826, -62, -62, 
21.9212, 18.0777, 26.0383, 
21.9517, 18.0857, 25.9584, 
21.9879, 18.0475, 25.8655, 
22.0211, 17.9595, 25.7488, 
22.057, 17.8668, 25.6261, 
22.0917, 17.7795, 25.5107, 
22.1249, 17.7511, 25.4222, 
22.1594, 17.7216, 25.3321, 
22.193, 17.7346, 25.2602, 
22.2299, -62, -62, 
22.2655, -62, -62, 
22.2983, -62, -62, 
22.3339, -62, -62, 
22.3677, -62, -62, 
22.4016, -62, -62, 
22.4396, -62, -62, 
22.4732, -62, -62, 
22.5081, -62, -62, 
22.5423, -62, -62, 
22.5758, 17.7831, 25.2135, 
22.6146, -62, -62, 
22.6477, -62, -62, 
22.6811, -62, -62, 
22.7153, -16.4205, -23.9796, 
22.7532, -62, -62, 
22.7868, -62, -62, 
22.8196, -62, -62, 
22.8555, 6.29805, 14.6911, 
22.889, -4.53061, 4.8037, 
22.9237, 1.53159, -11.6137, 
22.9601, -62, -62, 
22.9933, -62, -62, 
23.0286, 2.96083, 13.2857, 
23.063, 3.97726, 14.5077, 
23.1006, 4.45696, 15.0245, 
23.1338, 4.6036, 15.1545, 
23.1667, 4.53019, 15.0165, 
23.2012, 4.28719, 14.6919, 
23.2376, 3.97314, 14.2555, 
23.2709, 3.67915, 13.8146, 
23.3074, 3.27475, 13.2675, 
23.3408, 2.92144, 12.7715, 
23.3747, 2.57881, 12.2744, 
23.4099, 2.17313, 11.7263, 
23.448, 1.73443, 11.1392, 
23.4811, 1.30605, 10.6005, 
23.5157, 0.911006, 10.0795, 
23.5506, 0.559634, 9.59249, 
23.5832, 0.261173, 9.17383, 
23.618, -0.0575574, 8.73098, 
23.6543, -0.389524, 8.27411, 
23.6893, -0.708282, 7.83937, 
23.7218, -1.06549, 7.39709, 
23.758, -1.4846, 6.89422, 
23.7945, -1.85163, 6.4304, 
23.8286, -2.19623, 6.01559, 
23.861, -2.51778, 5.6297, 
23.8961, -2.90462, 5.17257, 
23.9302, -3.27313, 4.73833, 
23.966, -3.65397, 4.29078, 
24.0007, -62, -62, 
24.0342, -62, -62, 
24.0686, -4.01339, 3.8695, 
24.104, -4.37654, 3.4449, 
24.1405, -4.74315, 3.0173, 
24.1752, -5.08569, 2.61869, 
24.2081, -5.44863, 2.21991, 
24.2443, -5.85019, 1.76936, 
24.2775, -6.17553, 1.39393, 
24.3119, -6.48366, 1.03685, 
24.3478, -6.79854, 0.672629, 
24.3815, -7.026, 0.387591, 
24.4162, -7.27097, 0.101324, 
24.4526, -7.5217, -0.191166, 
24.4863, -7.71297, -0.434134, 
24.522, -7.96415, -0.704758, 
24.5551, -8.17593, -0.950757, 
24.591, -8.40074, -1.21153, 
24.6245, -8.61723, -1.44323, 
24.66, -8.8067, -1.65622, 
24.6977, -9.00756, -1.87122, 
24.7292, -9.13788, -2.02791, 
24.7637, -9.27692, -2.19486, 
24.7975, -9.41576, -2.34264, 
24.8333, -9.56397, -2.47929, 
24.8695, -9.70254, -2.62754, 
24.902, -9.88368, -2.80116, 
24.9383, -10.0797, -2.98905, 
24.9714, -62, -62, 
25.0061, -10.2596, -3.16146, 
25.0454, -10.4556, -3.34924, 
25.0755, -10.5995, -3.48712, 
25.1109, -10.7634, -3.6441, 
25.1455, -10.9176, -3.79185, 
25.1807, -11.0295, -3.93411, 
25.2166, -11.1138, -4.04698, 
25.2487, -11.1832, -4.16961, 
25.2841, -62, 62, 
25.318, -62, 62, 
25.3534, -62, 62, 
25.3904, -62, 62, 
25.4225, -62, 62, 
25.4589, -62, 62, 
25.4923, -62, 62, 
25.5264, -62, -62, 
25.5638, -62, 62, 
25.5972, -62, 62, 
25.6305, -62, -62, 
25.667, -62, 62, 
25.7, -62, 62, 
25.7365, -62, -62, 
25.7706, -62, 62, 
25.8039, -62, 62, 
25.847, -62, 62, 
25.8737, -62, 62, 
25.9103, -62, 62, 
25.9459, -62, 62, 
25.9776, -62, 62, 
26.0125, -62, 62, 
26.0473, -62, 62, 
26.0834, -62, 62, 
26.1162, -62, 62, 
26.1517, -62, 62, 
26.1871, -62, 62, 
26.221, -62, 62, 
26.2564, -62, 62, 
26.2896, -62, 62, 
26.3247, -62, 62, 
26.359, -62, 62, 
26.3939, -62, 62, 
26.4315, -62, 62, 
26.4638, -30.8921, -21.9356, 
26.4979, -42.9708, -32.0786, 
26.5326, -50.9047, -38.1642, 
26.5675, -56.4444, -41.9077, 
26.6044, -60.6501, -44.2411, 
26.6368, -63.5662, -45.5677, 
26.6729, -66.1682, -46.4298, 
26.7076, -68.1851, -46.7782, 
26.7409, -62, 62, 
26.7778, -69.8574, -46.6946, 
26.8116, -71.2026, -46.4944, 
26.8471, -72.4001, -46.1586, 
26.8809, -73.3878, -45.7811, 
26.9158, -74.083, -45.3745, 
26.9518, -74.5547, -45.022, 
26.9841, -74.8669, -44.7546, 
27.0185, -74.918, -44.6322, 
27.0538, -74.9965, -44.3552, 
27.0877, -75.0146, -44.0032, 
27.1251, -75.0554, -43.433, 
27.1586, -75.0351, -42.8411, 
27.1936, -74.993, -42.0889, 
27.2272, -75.0017, -41.1385, 
27.2614, -74.9764, -40.2459, 
27.2981, -74.9497, -39.1838, 
27.3308, -74.9738, -38.0251, 
27.3657, -74.9207, -37.0126, 
27.4044, -74.9612, -35.5856, 
27.4356, -74.9237, -34.5355, 
27.4718, 74.4933, -33.206, 
27.5058, 74.9824, -32.0315, 
27.539, 74.9751, -30.8246, 
27.5744, 74.9336, -29.3901, 
27.6086, 74.7962, -27.8635, 
27.6465, 74.5953, -25.9997, 
27.6784, 74.3143, -24.4612, 
27.7128, 73.9946, -22.5896, 
27.749, 73.5417, -20.6707, 
27.7821, -73.0259, -19.0046, 
27.8185, 72.3954, -17.0958, 
27.8527, 71.7486, -15.2467, 
27.8867, 71.0745, -13.6275, 
27.9212, 70.4304, -12.0572, 
27.9559, 69.731, -10.3003, 
27.9929, 68.917, -8.48933, 
28.0246, 68.2059, -6.71515, 
28.0597, -67.3589, -4.70033, 
28.0965, -66.412, -2.79808, 
28.1291, -65.5542, -1.1048, 
28.1666, 64.5382, 0.601067, 
28.2006, -63.7329, 2.22516, 
28.2338, -62.9857, 3.74527, 
28.2687, -62.2385, 5.27912, 
28.3026, 61.5528, 6.69982, 
28.3392, -60.9506, 8.30154, 
28.3722, -60.4108, 9.48215, 
28.408, 59.8557, 10.7077, 
28.4431, 59.4168, 12.0139, 
28.4763, 59.0621, 13.1521, 
28.5129, -58.5752, 14.24, 
28.5459, -58.2052, 15.3617, 
28.5805, -57.6778, 16.179, 
28.6166, -57.2685, 17.1216, 
28.6502, -56.9205, 17.8122, 
28.6868, 56.6081, 18.6136, 
28.7189, 56.4051, 19.2111, 
28.7542, -56.1919, 19.8455, 
28.7903, 55.9546, 20.5067, 
28.8231, 55.6232, 20.9892, 
28.8602, 55.3209, 21.4355, 
28.8941, 55.0285, 21.8641, 
28.9283, 54.6154, 22.1771, 
28.9626, 54.2124, 22.4828, 
28.9966, 53.8255, 22.7767, 
29.0333, -53.4205, 23.0847, 
29.0683, 52.9426, 23.2302, 
29.103, 52.4314, 23.3059, 
29.1386, 51.9968, 23.4194, 
29.1716, 51.6058, 23.5232, 
29.2075, 51.0648, 23.5338, 
29.2411, 50.574, 23.547, 
29.2751, 50.09, 23.5633, 
29.3111, 49.4077, 23.3407, 
29.3444, 48.792, 23.1466, 
29.3822, 48.1125, 22.9398, 
29.414, 47.4565, 22.6399, 
29.4488, 46.7228, 22.2824, 
29.4876, 45.925, 21.904, 
29.5186, 45.3081, 21.619, 
29.5547, 44.5446, 21.2177, 
29.5878, 43.8151, 20.7993, 
29.6214, 43.0721, 20.3628, 
29.6575, 42.2296, 19.8243, 
29.6906, 41.4807, 19.3551, 
29.7303, 40.6049, 18.8184, 
29.7599, 39.9622, 18.4084, 
29.7947, 39.1775, 17.8671, 
29.8414, 38.0976, 17.0583, 
29.8644, -37.5921, 16.6978, 
29.9014, 36.7549, 16.0905, 
29.9338, 36.0487, 15.5797, 
29.9706, -62, 62, 
30.003, 35.3384, 15.0269, 
30.039, 34.5515, 14.4284, 
30.0742, 33.8399, 13.8669, 
30.1086, 33.1493, 13.2951, 
30.1421, 32.4704, 12.7289, 
30.1771, 31.7799, 12.1736, 
30.2111, 31.1136, 11.6215, 
30.2479, 30.4129, 11.0475, 
30.2812, 29.7913, -10.5498, 
30.3153, -7.10927, 10.0612, 
30.3522, -28.513, 9.51637, 
30.3854, -27.9356, 9.05885, 
30.4236, -27.2751, 8.52269, 
30.4546, 26.7381, 8.106, 
30.4928, 26.1311, 7.61208, 
30.5238, -6.2649, 7.23405, 
30.5599, -25.1514, 6.80441, 
30.5947, -24.6483, 6.40402, 
30.6292, -24.1603, 6.02857, 
30.6642, -23.6753, 5.63276, 
30.6973, -23.2328, 5.27635, 
30.7321, -22.7808, 4.93027, 
30.7686, -22.3244, 4.57318, 
30.8018, -21.913, 4.26615, 
30.8367, -21.5211, 3.95984, 
30.8723, 21.081, 3.65814, 
30.9057, -20.7519, 3.39055, 
30.9427, -20.3507, 3.10053, 
30.9747, -20.0078, 2.87045, 
31.0118, -19.6205, 2.61633, 
31.0449, -19.2849, 2.38619, 
31.079, -18.9478, 2.15966, 
31.1179, -18.5802, 1.9197, 
31.1481, -18.3031, 1.74298, 
31.1842, -17.9783, 1.54071, 
31.2175, -17.6812, 1.35923, 
31.2536, -17.3735, 1.17759, 
31.2893, -17.0767, 1.0074, 
31.3227, -16.8095, 0.859288, 
31.3581, -16.5362, 0.713051, 
31.3921, -16.2804, 0.580485, 
31.4277, -16.0183, 0.449243, 
31.4671, -15.7358, 0.313003, 
31.4957, -15.5363, 0.220247, 
31.5303, -15.2988, -0.113625, 
31.5654, -15.0597, 0.00989065, 
31.6008, -14.8201, -0.0903582, 
31.6357, -14.5782, -0.168161, 
31.6688, -14.3532, -0.236179, 
31.7054, -14.1031, -0.28251, 
31.738, -13.8854, -0.318591, 
31.7741, -3.32592, -0.353443, 
31.8092, 13.4215, -0.382253, 
31.8498, -3.20801, -0.409691, 
31.8773, 12.972, -0.424713, 
31.9123, 12.7765, -0.427309, 
31.9478, 12.5346, -0.411679, 
31.9838, 12.3266, -0.337289, 
32.0175, 12.109, -0.301824, 
32.0506, 11.8922, -0.276421, 
32.0863, 11.657, -0.234337, 
32.1205, 11.4354, -0.191176, 
32.1567, 11.2094, -0.154118, 
32.1909, 10.9999, -0.116442, 
32.2247, 10.7957, -0.0766445, 
32.2598, 10.5873, -0.0329399, 
32.2934, -62, 62, 
32.3302, -62, 62, 
32.3636, 10.3749, 0.0107, 
32.3977, 10.2395, 0.0148383, 
32.4355, -62, 62, 
32.4672, 10.2015, -0.077042, 
32.5042, -62, 62, 
32.5366, -62, 62, 
32.5734, -62, 62, 
32.6073, -62, 62, 
32.6418, -62, 62, 
32.6819, -62, 62, 
32.7131, -62, 62, 
32.7482, -62, 62, 
32.7806, -62, 62, 
32.8154, -62, 62, 
32.8533, -62, 62, 
32.885, -62, 62, 
32.9219, -62, 62, 
32.9552, -62, 62, 
32.9904, -62, 62, 
33.0286, -62, 62, 
33.0581, -62, 62, 
33.0935, -62, 62, 
33.1307, -62, 62, 
33.1605, -62, 62, 
33.1969, -62, 62, 
33.2312, -62, 62, 
33.2689, -62, 62, 
33.3013, -62, 62, 
33.3364, -62, 62, 
33.3781, -62, 62, 
33.4041, -62, 62, 
33.4384, -62, 62, 
33.4743, -62, 62, 
33.5081, -62, 62, 
33.5458, -62, 62, 
33.5769, -62, 62, 
33.6117, -62, 62, 
33.65, -62, 62, 
33.6814, -62, 62, 
33.7186, -62, 62, 
33.7528, -27.0693, -15.132, 
33.7854, -23.5964, -7.99995, 
33.8209, -22.0125, -2.56941, 
33.8548, -21.5653, 1.41883, 
33.8905, -21.7059, 4.88498, 
33.9243, -62, 62, 
33.9588, -62, 62, 
33.9944, -22.2129, 7.84926, 
34.0292, -22.9214, 10.4075, 
34.0662, -23.8197, 12.8661, 
34.0984, -24.672, 14.821, 
34.1367, -25.7442, 16.9858, 
34.1663, -26.5911, 18.5432, 
34.2014, -27.6104, 20.2927, 
34.2417, -28.7851, 22.1837, 
34.2711, -29.6337, 23.4856, 
34.306, -30.6311, 24.9611, 
34.3417, -31.6354, 26.3971, 
34.3747, -32.5467, 27.6645, 
34.4118, -33.5502, 29.0266, 
34.4441, -34.4007, 30.1572, 
34.4808, -62, 62, 
34.5153, -62, 62, 
34.5489, -62, 62, 
34.5854, 35.342, 31.3863, 
34.6182, 36.1644, 32.4432, 
34.653, 37.0153, 33.5219, 
34.6878, 37.8413, 34.556, 
34.7239, 38.6741, 35.5869, 
34.7589, 39.456, 36.545, 
34.7921, 40.1743, 37.4174, 
34.8365, 41.111, 38.5449, 
34.8623, 41.6325, 39.168, 
34.8973, 42.3219, 39.9871, 
34.9327, 42.9999, 40.7877, 
34.9669, 43.6311, 41.5287, 
35.0014, 44.2495, 42.2511, 
35.0348, 44.8295, 42.9256, 
35.0696, 45.414, 43.6023, 
35.1074, 46.0285, 44.311, 
35.1386, 46.5172, 44.8723, 
35.1736, -47.0487, 45.4809, 
35.2108, 47.5948, 46.104, 
35.2432, 48.0548, 46.6274, 
35.2794, 48.5514, 47.1908, 
35.3145, 49.0175, 47.7182, 
35.3469, 49.4327, 48.187, 
35.3835, 49.8858, 48.6973, 
35.4166, 50.2828, 49.1435, 
35.4536, 50.7105, 49.6232, 
35.4863, -62, 62, 
35.5207, 51.095, 50.0535, 
35.5553, 51.468, 50.4703, 
35.59, 51.8297, 50.8738, 
35.6268, 52.201, 51.2873, 
35.6593, 52.5158, 51.6374, 
35.694, 52.8426, 52.0003, 
35.7296, 53.1658, 52.3587, 
35.7645, 53.4723, 52.6981, 
35.8001, 53.7732, 53.031, 
35.8327, 54.04, 53.3258, 
35.8675, 54.315, 53.6293, 
35.9028, 54.5842, 53.9261, 
35.9362, 54.8302, 54.1971, 
35.9737, 55.0979, 54.4918, 
36.0058, 55.3185, 54.7343, 
36.0416, 55.5564, 54.9956, 
36.0762, 55.7782, 55.2391, 
36.1108, 55.9923, 55.4739, 
36.1471, 56.2091, 55.7116, 
36.1818, 56.4095, 55.931, 
36.2166, 56.603, 56.1428, 
36.2493, 56.7788, 56.3351, 
36.2851, 56.9648, 56.5385, 
36.3212, 57.1459, 56.7363, 
36.3548, 57.3085, 56.9139, 
36.3888, 57.4676, 57.0875, 
36.4248, 57.6301, 57.2647, 
36.4573, 57.7719, 57.4194, 
36.4936, 57.9249, 57.5861, 
36.5265, 58.0583, 57.7314, 
36.561, 58.194, 57.8791, 
36.5972, 58.3315, 58.0288, 
36.6299, 58.451, 58.1588, 
36.6687, 58.5883, 58.3082, 
36.6997, 58.6941, 58.4231, 
36.7346, 58.8091, 58.5482, 
36.7705, 58.9234, 58.6723, 
36.8036, 59.0249, 58.7826, 
36.8416, 59.1377, 58.9051, 
36.8754, 59.2342, 59.0098, 
36.9091, 59.3273, 59.1108, 
36.9432, 59.4184, 59.2096, 
36.9771, 59.5058, 59.3044, 
37.0139, 59.5972, 59.4035, 
37.0469, 59.6764, 59.4894, 
37.0826, 59.7593, 59.5792, 
37.1163, 59.8347, 59.6609, 
37.1524, 59.9127, 59.7454, 
37.1879, 59.9867, 59.8256, 
37.2201, 60.0514, 59.8956, 
37.255, 60.1194, 59.9693, 
37.2899, 60.185, 60.0402, 
37.3243, 60.2472, 60.1076, 
37.3615, -60.3125, 60.1782, 
37.395, 60.3689, 60.2392, 
37.4295, 60.4252, 60.3001, 
37.4644, 60.48, 60.3594, 
37.4995, 60.5333, 60.417, 
37.5356, 60.5862, 60.4742, 
37.5673, 60.631, 60.5227, 
37.603, 60.6798, 60.5755, 
37.6387, 60.7269, 60.6264, 
37.6718, -60.7689, 60.6718, 
37.7083, -61.5578, 57.7217, 
37.7419, -62.2589, 55.2933, 
37.776, -62, 62, 
37.8121, -62.6379, 53.4719, 
37.8464, -62.4552, 52.0037, 
37.885, 62.1523, 50.7531, 
37.9166, -62, 62, 
37.9498, -61.3098, 49.9684, 
37.9856, -60.2428, 49.2327, 
38.0201, -58.9837, 48.3544, 
38.0558, -57.6299, 47.528, 
38.0907, -56.4044, 47.0784, 
38.1238, -62, -62, 
38.1592, -54.9657, -46.5762, 
38.1942, -53.5167, 46.1366, 
38.2293, -62, -62, 
38.263, -52.0481, 45.7855, 
38.2969, -50.5456, 45.4816, 
38.3334, -48.8911, 45.0386, 
38.3667, -62, 62, 
38.4038, -62, -62, 
38.436, -62, -62, 
38.4706, -62, -62, 
38.5063, -62, 62, 
38.5402, -62, 62, 
38.5791, -62, 62, 
38.6093, -62, 62, 
38.6445, -47.4704, 44.952, 
38.6794, -46.2039, 45.0375, 
38.7161, -45.0329, 45.0818, 
38.7495, -44.2267, 45.2074, 
38.783, -43.4154, 44.9571, 
38.8193, -42.8903, 44.9179, 
38.8524, -42.6011, 44.77, 
38.8877, -42.6013, 44.609, 
38.9235, 43.0897, 44.3726, 
38.9566, 43.4455, 43.6716, 
38.9911, 41.1375, 42.6077, 
39.0256, -45.2228, 41.3632, 
39.0627, -46.6127, 39.6981, 
39.0972, -47.7436, 37.9007, 
39.1301, -48.8239, 35.9191, 
39.167, -50.8233, 33.3272, 
39.2001, -52.6475, 30.9027, 
39.2354, 52.808, 32.1691, 
39.2707, 52.9794, 33.3753, 
39.3047, 53.1528, 34.4838, 
39.3381, 53.3291, 35.5235, 
39.3732, 53.5193, 36.5669, 
39.408, 53.7112, 37.5531, 
39.4443, 53.9145, 38.5371, 
39.4773, 54.101, 39.3939, 
39.5115, 54.2943, 40.2422, 
39.5462, 54.4911, 41.0697, 
39.5829, 54.6979, 41.9044, 
39.6179, 54.8941, 42.6677, 
39.6523, 55.0854, 43.3875, 
39.688, 55.281, 44.1013, 
39.7244, 55.4785, 44.8009, 
39.755, 55.6414, 45.3635, 
39.7914, 55.8326, 46.0087, 
39.8243, 56.0023, 46.5683, 
39.86, 56.1834, 47.1529, 
39.8934, 56.3489, 47.6766, 
39.9293, 56.5239, 48.2204, 
39.965, 56.6934, 48.7375, 
39.9977, 56.845, 49.1926, 
40.0326, -57.0037, 49.6617, 
40.0669, -58.1656, 47.0195, 
40.1039, -59.4413, 44.2718, 
40.14, -60.6909, 41.6842, 
40.1731, -61.8351, 39.3933, 
40.2087, -63.0471, 37.0237, 
40.2424, -64.0585, 34.9306, 
40.2761, -64.4968, 33.0251, 
40.3127, -64.9808, 31.2353, 
40.3451, -65.2291, 29.9118, 
40.3812, 65.4486, 28.7411, 
40.4148, 65.2945, 27.758, 
40.4508, 65.0322, 26.7903, 
40.4866, 64.7649, 25.9114, 
40.5191, 64.5824, 25.2253, 
40.554, 64.4349, 24.6228, 
40.5933, -64.3148, 24.1041, 
40.6245, -64.0689, 23.6821, 
40.6598, -63.7507, 23.3136, 
40.6939, -63.437, 22.9997, 
40.7278, -63.1187, 22.729, 
40.762, -62.8074, 22.4648, 
40.7965, -62.5039, 22.2078, 
40.8423, -62.1149, 21.8793, 
40.8669, -61.888, 21.7556, 
40.9008, -61.6857, 21.7341, 
40.9385, -61.4191, 21.7865, 
40.9696, -61.0612, 21.7771, 
41.0058, -60.6335, 21.8017, 
41.039, -60.2532, 21.8256, 
41.0734, -59.8337, 21.758, 
41.1095, -59.4489, 21.6282, 
41.1423, -59.1864, 21.5411, 
41.1802, -58.938, 21.3739, 
41.2131, -58.7299, 21.2344, 
41.2464, -58.3738, 20.9033, 
41.2815, -58.213, 20.7051, 
41.3163, -58.059, 20.5151, 
41.3526, -57.8063, 20.1529, 
41.3875, -57.7078, 19.914, 
41.4213, -57.5041, 19.567, 
41.4559, -57.4581, 19.2812, 
41.4896, -57.5147, 19.0032, 
41.5256, 57.5091, 18.6536, 
41.5619, 57.5914, 18.3374, 
41.5936, 57.6213, 17.9854, 
41.6281, -57.7808, 17.7288, 
41.6644, 57.7701, 17.4175, 
41.6996, 57.7613, 17.1258, 
41.7328, 57.7914, 16.7936, 
41.7669, -57.8226, 16.4618, 
41.8023, -57.8148, 16.199, 
41.8456, 57.6594, 15.7396, 
41.8741, 57.5775, 15.4227, 
41.9067, 57.3944, 14.9392, 
41.941, 57.2112, 14.4457, 
41.9757, 57.2719, 14.1805, 
42.0105, 57.0619, 13.7606, 
42.0459, -56.8568, 13.3452, 
42.0798, -56.6695, 12.9612, 
42.1147, 56.2567, 12.4278, 
42.1492, 55.9861, 11.9603, 
42.1836, -55.8654, 11.5524, 
42.2202, -55.6511, 11.1391, 
42.2534, -55.2989, 10.685, 
42.289, 54.9654, 10.1621, 
42.3228, 54.8011, 9.69008, 
42.3569, 54.5597, 9.11898, 
42.3963, 54.3916, 8.60379, 
42.4276, -54.1634, 8.15345, 
42.4615, 53.8961, 7.72842, 
42.501, 53.5978, 7.24875, 
42.5318, 53.3132, 6.79017, 
42.567, -53.1043, 6.33838, 
42.6023, -52.8712, 5.95285, 
42.6351, -52.4899, 5.49435, 
42.6697, 52.1151, 5.00313, 
42.7086, 51.7261, 4.44377, 
42.7409, 51.4169, 3.99434, 
42.7746, -51.1078, 3.54012, 
42.8098, -50.7681, 3.12559, 
42.8446, -50.4445, 2.72851, 
42.8769, 50.1105, 2.28689, 
42.9152, 49.8162, 1.82795, 
42.9483, 49.5738, 1.44538, 
42.9815, -49.34, 1.07217, 
43.0172, -49.1729, 0.761094, 
43.0515, -48.9161, 0.44434, 
43.0869, 48.6138, 0.0313475, 
43.1207, 48.4142, -0.306098, 
43.1558, -48.2152, -0.646611, 
43.1902, -48.0991, -0.892976, 
43.2255, -47.8773, -1.16529, 
43.2614, 47.6968, -1.48626, 
43.2941, 47.5396, -1.76951, 
43.3289, 47.3786, -2.06283, 
43.3626, -47.3734, -2.1721, 
43.4003, -47.1678, -2.41837, 
43.4359, -47.0482, -2.55385, 
43.4723, -46.8619, -2.77844, 
43.5026, -46.7126, -2.95905, 
43.5393, -46.6295, -3.11159, 
43.572, -46.5376, -3.21413, 
43.6087, -46.5653, -3.29357, 
43.6436, -46.6751, -3.26094, 
43.6764, -46.802, -3.1575, 
43.7116, -46.8759, -3.08964, 
43.7478, -46.8398, -3.10002, 
43.7815, -46.8442, -3.05591, 
43.8154, -46.887, -2.95615, 
43.8501, -46.9295, -2.8578, 
43.8844, -47.1733, -2.54779, 
43.919, -47.4108, -2.24767, 
43.9563, -47.6591, -1.93563, 
43.989, -47.8106, -1.71646, 
44.0236, -47.9068, -1.53788, 
44.0585, -48.001, -1.36444, 
44.0934, -48.1369, -1.13005, 
44.1311, -48.329, -0.810325, 
44.1645, -48.5823, -0.398472, 
44.1973, -48.8258, -0.00764527, 
44.2344, -49.0933, 0.416079, 
44.2685, -49.3325, 0.790479, 
44.3038, 49.5606, 1.16292, 
44.3366, 50.0421, 1.67954, 
44.3728, -50.4409, 2.07865, 
44.406, -50.8876, 2.56967, 
44.4414, -51.1785, 3.02918, 
44.4771, -51.6352, -3.521, 
44.5089, -51.8397, 3.68249, 
44.5445, -52.0607, 3.8576, 
44.5801, 52.3805, 4.17035, 
44.6135, 52.8348, 4.49426, 
44.6508, 53.3582, 4.7911, 
44.6845, 53.9106, 5.18015, 
44.7191, 54.4226, 5.62265, 
44.7534, -54.6478, 5.86642, 
44.788, -54.9694, 6.24741, 
44.8233, -55.1528, 6.52048, 
44.8569, 55.4496, 6.86751, 
44.8908, 55.7982, 7.11191, 
44.9256, 56.1439, 7.35597, 
44.963, -56.3548, 7.50985, 
44.9962, -56.6074, 7.81921, 
45.0294, -56.7279, 8.02272, 
45.0647, 56.8254, 8.11667, 
45.0986, 56.9095, 8.06079, 
45.1336, 57.1317, 8.09546, 
45.1712, 57.2129, -8.0348, 
45.2067, -57.4002, 8.1152, 
45.2406, -57.4186, 8.13529, 
45.2748, -57.2911, 8.09239, 
45.3094, 57.419, 8.25282, 
45.3481, 57.3453, 8.08344, 
45.3785, 57.4044, 8.03487, 
45.4165, -57.4758, 7.97621, 
45.4494, -57.4911, 8.00026, 
45.4831, 57.5062, 8.02415, 
45.5201, 57.5719, 7.96746, 
45.5514, 57.5268, 7.80761, 
45.5878, 57.5907, 7.75977, 
45.6221, 57.6487, 7.71628, 
45.6569, -57.454, 7.49116, 
45.6906, -57.2728, 7.28118, 
45.7251, 57.0936, 7.07316, 
45.7594, 57.1694, 7.05248, 
45.7935, 57.0332, 6.79166, 
45.8385, 56.9955, 6.61126, 
45.8656, 56.8634, 6.46521, 
45.8972, 56.713, 6.2989, 
45.9335, -56.5463, 6.11425, 
45.9684, -56.3513, 6.00807, 
46.0018, -56.1711, -5.91064, 
46.0377, -55.8064, 5.57133, 
46.0705, -55.5975, 5.32062, 
46.105, -55.4771, 5.17841, 
46.1422, 55.3016, 4.96759, 
46.1745, 55.2371, 4.7839, 
46.2117, 55.1657, 4.57851, 
46.2444, 55.1058, 4.40431, 
46.2844, -54.8812, 4.14197, 
46.315, -54.7975, 4.05122, 
46.3497, -54.4949, 3.78671, 
46.3863, 54.3119, 3.56876, 
46.4209, 54.1652, 3.33994, 
46.4557, 54.1388, 3.19487, 
46.4883, -54.0069, 2.9904, 
46.5234, -62, -62, 
46.5592, 53.7231, 2.75449, 
46.5922, 53.5661, 2.62131, 
46.6294, -53.3261, 2.33041, 
46.6616, -53.1852, 2.21393, 
46.6981, 53.0522, 2.0526, 
46.7332, 52.8447, 1.79774, 
46.7656, 52.6937, 1.5163, 
46.8004, 52.5734, 1.16441, 
46.8364, 52.4918, -0.752151, 
46.8696, 52.4543, 0.327832, 
46.9062, -62, -62, 
46.9382, -62, -62, 
46.9764, -52.2803, -0.389326, 
47.0085, -52.1466, -0.973204, 
47.0421, -51.9402, -1.61153, 
47.082, -51.5494, -2.41001, 
47.1116, -51.1853, -3.01515, 
47.1464, -50.7346, -3.73322, 
47.1826, -62, 62, 
47.216, -62, 62, 
47.2522, -62, 62, 
47.2852, -62, 62, 
47.3198, -62, 62, 
47.3549, -62, 62, 
47.3888, -62, 62, 
47.4262, -62, 62, 
47.4588, -62, 62, 
47.4937, -62, 62, 
47.5285, -62, 62, 
47.5632, -62, 62, 
47.5988, -62, 62, 
47.6333, -62, 62, 
47.6677, -62, 62, 
47.7012, -62, 62, 
47.7379, -62, 62, 
47.7727, -62, 62, 
47.8056, -62, 62, 
47.8455, -62, 62, 
47.8754, -62, 62, 
47.9129, -62, 62, 
47.9514, -62, 62, 
47.9791, -62, 62, 
48.0148, -62, 62, 
48.05, -62, 62, 
48.084, -62, 62, 
48.1191, -62, 62, 
48.1522, -62, 62, 
48.1885, -62, 62, 
48.2219, -62, 62, 
48.2565, -62, 62, 
48.2964, -62, 62, 
48.3289, -62, 62, 
48.3621, -62, 62, 
48.3968, -62, 62, 
48.431, -62, 62, 
48.4698, -62, 62, 
48.5001, -62, 62, 
48.5372, -62, 62, 
48.5703, -62, 62, 
48.6045, -53.6849, -6.09753, 
48.6414, -56.6352, -8.48283, 
48.6743, -62, 62, 
48.7091, -62, 62, 
48.7427, -62, 62, 
48.7796, -55.4033, -4.44924, 
48.8141, 54.4764, -1.00356, 
48.8464, -62, 62, 
48.8888, -53.5774, 2.88405, 
48.9154, -53.133, 5.12534, 
48.9509, -52.655, 7.93525, 
48.986, -52.2949, 10.5214, 
49.0197, 52.0391, 12.8388, 
49.0558, -62, 62, 
49.0898, -62, 62, 
49.1239, 51.8553, 15.0433, 
49.1618, 51.727, 17.3359, 
49.1934, 51.6719, 19.1251, 
49.229, 51.6569, 21.0348, 
49.2638, 51.6836, 22.7945, 
49.2975, -62, 62, 
49.3343, 51.7491, 24.5513, 
49.3668, 51.8334, 26.0151, 
49.4017, 51.9479, 27.5149, 
49.4363, 52.0808, 28.9194, 
49.4757, 52.2531, 30.4421, 
49.5083, 52.4086, 31.6363, 
49.5413, 52.5751, 32.785, 
49.5756, 52.7575, 33.9306, 
49.6095, 52.9441, 35.0083, 
49.6448, 53.1438, 36.0798, 
49.6829, 53.3643, 37.1832, 
49.7143, 53.5484, 38.0522, 
49.7502, 53.7605, 39.0036, 
49.7858, 53.9711, 39.903, 
49.8177, 54.16, 40.6767, 
49.8547, 54.3787, 41.5375, 
49.8888, 54.5781, 42.2941, 
49.9221, 54.7713, 43.0036, 
49.957, 54.9721, 43.7193, 
49.9942, 55.1833, 44.4499, 
50.0279, 55.371, 45.0822, 
50.061, 55.5528, 45.6804, 
50.097, 55.7475, 46.3063, 
50.1301, 55.9226, 46.8573, 
50.1649, 56.103, 47.4142, 
50.204, 56.3019, 48.0162, 
50.2345, 56.4529, 48.4651, 
50.2707, 56.629, 48.9805, 
50.304, 56.7868, 49.4353, 
50.3382, 56.9451, 49.885, 
50.3747, 57.1099, 50.3467, 
50.4081, 57.2567, 50.7527, 
50.4432, 57.407, 51.1631, 
50.4775, 57.5501, 51.5495, 
50.5147, 57.7012, 51.9529, 
50.5491, 57.8365, 52.3103, 
50.5814, 57.9605, 52.6347, 
50.6186, 58.0992, 52.994, 
50.6506, 58.215, 53.2916, 
50.6854, 58.3377, 53.6042, 
50.7219, 58.4623, 53.919, 
50.7569, 58.5783, 54.2098, 
50.7914, 58.6892, 54.4856, 
50.8243, 58.7917, 54.739, 
50.8597, 58.899, 55.0027, 
50.8965, 59.0072, 55.2664, 
50.9284, 59.0978, 55.4863, 
50.9668, 59.2036, 55.7413, 
50.9996, 59.2913, 55.9514, 
51.0341, 59.3803, 56.1638, 
51.0703, 59.4712, 56.3794, 
51.1034, 59.5514, 56.5689, 
51.1366, 59.6296, 56.7526, 
51.1725, 59.7114, 56.9442, 
51.2067, -62, 62, 
51.2426, 59.7906, 57.1287, 
51.278, 59.8661, 57.304, 
51.3117, 59.9356, 57.4647, 
51.3449, 60.0019, 57.6175, 
51.3804, 60.0706, 57.7752, 
51.4164, 60.138, 57.9293, 
51.4487, 60.1964, 58.0626, 
51.4861, 60.2621, 58.2118, 
51.5212, 60.3214, 58.3463, 
51.5554, 60.3773, 58.4725, 
51.5934, 60.4375, 58.6081, 
51.6233, 60.4831, 58.7107, 
51.6585, 60.5352, 58.8276, 
51.6927, 60.5843, 58.9373, 
51.7287, 60.6342, 59.0486, 
51.7645, 60.6821, 59.1552, 
51.7985, 60.726, 59.2528, 
51.8334, 60.7697, 59.3495, 
51.8666, 60.8098, 59.4383, 
51.9006, 60.8495, 59.526, 
51.9376, 60.8914, 59.6183, 
51.971, 60.9278, 59.6984, 
52.0062, 60.965, 59.78, 
52.0402, 60.9996, 59.856, 
52.0764, 61.0354, 59.9342, 
52.111, 61.0683, 60.0062, 
52.144, 61.0986, 60.0723, 
52.1794, 61.1301, 60.1409, 
52.2132, 61.1591, 60.2041, 
52.2491, 61.189, 60.2689, 
52.2849, 61.2177, 60.3313, 
52.3178, 61.2431, 60.3865, 
52.3533, 61.2697, 60.444, 
52.3866, 61.2938, 60.4962, 
52.4212, 61.318, 60.5484, 
52.4578, 61.3427, 60.6017, 
52.4918, 61.3648, 60.6495, 
52.5256, 61.3862, 60.6954, 
52.5619, 61.4082, 60.7429, 
52.5952, 61.4278, 60.7849, 
52.6319, 61.4486, 60.8297, 
52.6648, 61.4666, 60.8683, 
52.6988, 61.4846, 60.9069, 
52.7359, 61.5036, 60.9476, 
52.7692, 61.52, 60.9828, 
52.806, 61.5376, 61.0203, 
52.8394, 61.5529, 61.0532, 
52.8735, 61.5681, 61.0855, 
52.9069, 61.5824, 61.1161, 
52.9411, 61.5966, 61.1465, 
52.9798, 61.6121, 61.1796, 
53.0103, 61.6239, 61.2047, 
53.0466, 61.6375, 61.2336, 
53.0816, 61.6501, 61.2605, 
53.1145, 61.6616, 61.2849, 
53.1517, 61.6741, 61.3115, 
53.1844, 61.6847, 61.3341, 
53.2189, 61.6955, 61.3571, 
53.2541, 61.7062, 61.3798, 
53.2891, 61.7164, 61.4015, 
53.3246, 61.7265, 61.4228, 
53.3579, 61.7356, 61.4421, 
53.392, 61.7445, 61.4611, 
53.4299, 61.7542, 61.4816, 
53.4616, 61.7619, 61.498, 
53.4978, 61.7705, 61.5162, 
53.5335, 61.7787, 61.5336, 
53.5666, 61.786, 61.549, 
53.6011, 61.7934, 61.5646, 
53.6394, 61.8013, 61.5813, 
53.6723, 61.8078, 61.5951, 
53.7054, 61.8141, 61.6085, 
53.7423, 61.821, 61.623, 
53.7749, 61.8268, 61.6353, 
53.811, 61.833, 61.6484, 
53.8489, 61.8393, 61.6618, 
53.8788, 61.8441, 61.6719, 
53.9142, 61.8497, 61.6835, 
53.949, 61.8549, 61.6946, 
53.9839, 61.8599, 61.7052, 
54.021, 61.8651, 61.7162, 
54.0522, 61.8693, 61.725, 
54.0868, 61.8738, 61.7346, 
54.1213, 61.8782, 61.7437, 
54.1562, 61.8824, 61.7527, 
54.1944, 61.8869, 61.7621, 
54.226, 61.8905, 61.7697, 
54.2618, 61.8944, 61.7779, 
54.2976, 61.8982, 61.7859, 
54.3295, 61.9014, 61.7927, 
54.3664, 61.905, 61.8004, 
54.402, 61.9084, 61.8075, 
54.4346, 61.9114, 61.8137, 
54.4682, 61.9144, 61.82, 
54.5071, 61.9177, 61.827, 
54.5394, 61.9204, 61.8326, 
54.5724, 61.923, 61.8381, 
54.6086, 61.9258, 61.844, 
54.6416, 61.9282, 61.8491, 
54.6777, 61.9308, 61.8546, 
54.715, 61.9334, 61.86, 
54.7469, 61.9355, 61.8645, 
54.7827, 61.9378, 61.8693, 
54.8168, 61.9399, 61.8738, 
54.8509, 61.942, 61.8781, 
54.8863, 61.944, 61.8824, 
54.919, 61.9459, 61.8863, 
54.9552, 61.9478, 61.8904, 
54.9884, 61.9495, 61.894, 
55.0246, 61.9514, 61.8979, 
55.0619, 61.9532, 61.9017, 
55.0929, 61.9546, 61.9047, 
55.1273, 61.9562, 61.908, 
55.164, 61.9578, 61.9114, 
55.1974, 61.9592, 61.9143, 
55.2336, 61.9607, 61.9174, 
55.2703, 61.9621, 61.9205, 
55.3029, 61.9634, 61.9231, 
55.3362, 61.9646, 61.9256, 
55.372, 61.9658, 61.9283, 
55.4074, 61.9671, 61.9308, 
55.4418, 61.9682, 61.9332, 
55.478, 61.9693, 61.9356, 
55.5108, 61.9703, 61.9377, 
55.5455, 61.9714, 61.9399, 
55.5814, 61.9724, 61.9421, 
55.6139, 61.9733, 61.9439, 
55.6486, 61.9742, 61.9459, 
55.683, 61.9751, 61.9477, 
55.7193, 61.976, 61.9496, 
55.754, 61.9768, 61.9514, 
55.7881, 61.9776, 61.953, 
55.8228, 61.9784, 61.9547, 
55.8562, 61.9791, 61.9562, 
55.8913, 61.9799, 61.9577, 
55.932, 61.9807, 61.9595, 
55.9624, 61.9813, 61.9607, 
55.9955, 61.9819, 61.962, 
56.0315, 61.9825, 61.9634, 
56.0648, 61.9831, 61.9646, 
56.1013, 61.9837, 61.9659, 
56.1352, 61.9843, 61.967, 
56.1686, 61.9848, 61.9681, 
56.2046, 61.9854, 61.9693, 
56.239, 61.9859, 61.9703, 
56.2749, 61.9864, 61.9714, 
56.3082, 61.9868, 61.9723, 
56.3427, 61.9873, 61.9733, 
56.3767, 61.9877, 61.9742, 
56.4122, 61.9881, 61.9751, 
56.4481, 61.9886, 61.976, 
56.4825, 61.989, 61.9768, 
56.5161, 61.9893, 61.9776, 
56.5511, 61.9897, 61.9784, 
56.585, 61.9901, 61.9791, 
56.6215, 61.9904, 61.9799, 
56.6566, 61.9908, 61.9806, 
56.6897, 61.9911, 61.9812, 
56.7258, 61.9914, 61.9819, 
56.7592, 61.9917, 61.9825, 
56.7955, 61.992, 61.9832, 
56.8373, 61.9923, 61.9839, 
56.8636, 61.9925, 61.9843, 
56.8989, 61.9928, 61.9848, 
56.9336, 61.993, 61.9854, 
56.9706, 61.9933, 61.9859, 
57.0026, 61.9935, 61.9864, 
57.0373, 61.9937, 61.9868, 
57.072, 61.9939, 61.9873, 
57.1062, 61.9942, 61.9877, 
57.1445, 61.9944, 61.9882, 
57.1751, 61.9945, 61.9886, 
57.211, 61.9947, 61.989, 
57.2459, 61.9949, 61.9894, 
57.2793, 61.9951, 61.9897, 
57.3163, 61.9953, 61.9901, 
57.3498, 61.9954, -61.6516, 
57.3847, 61.9956, -61.9908, 
57.4187, 61.9957, -61.9911, 
57.4547, 61.9959, -61.9914, 
57.4901, 61.996, -61.9917, 
57.5228, 61.9962, -61.992, 
57.5578, 61.9963, -61.9922, 
57.5917, 61.9964, -61.9925, 
57.6279, 61.9966, -61.9885, 
57.6633, 61.9967, 2.81722, 
57.6984, 61.9968, 61.9933, 
57.7318, 61.9969, 61.9935, 
57.7662, 61.997, 61.9937, 
57.8018, 61.9971, 50.7402, 
57.8463, 61.9972, -61.9085, 
57.8702, 61.9973, -61.9944, 
57.906, 61.9974, -61.9946, 
57.9394, 61.9975, -61.9947, 
57.9751, 61.9976, 61.9846, 
58.0121, 61.9977, 61.9951, 
58.0432, 61.9977, -23.3683, 
58.0783, 61.9978, 16.3157, 
58.1153, 61.9979, -61.9921, 
58.1474, 61.998, 61.2659, 
58.1846, 61.998, 61.9922, 
58.2186, 61.9981, 61.9947, 
58.2527, 61.9982, 61.3588, 
58.2867, 61.9982, -61.995, 
58.3225, 61.9983, -33.0486, 
58.3581, 61.9984, -61.9906, 
58.3917, 61.9984, 61.9967, 
58.4244, 61.9985, 61.9968, 
58.4596, 61.9985, 61.9969, 
58.4937, 61.9986, 61.997, 
58.5318, 61.9986, 61.9752, 
58.563, 61.9987, 58.9171, 
58.5976, 61.9987, -61.9739, 
58.6323, 61.9988, -61.9974, 
58.6678, 61.9988, -61.9975, 
58.7041, 61.9989, -61.9976, 
58.7381, 61.9989, 61.9977, 
58.7728, 61.9989, 61.9977, 
58.8067, 61.999, 61.9978, 
58.847, 61.999, 61.9979, 
58.8775, 61.999, 61.998, 
58.9109, 61.9991, 61.998, 
58.9487, 61.9991, 61.9981, 
58.9814, 61.9991, 61.9982, 
59.0158, 61.9992, 61.9982, 
59.0512, 61.9992, 61.9593, 
59.0846, 61.9992, 48.0831, 
59.1202, 61.9992, -61.9057, 
59.1536, 61.9993, -61.9985, 
59.1918, 61.9993, -61.992, 
59.225, 61.9993, 61.9983, 
59.2605, 61.9993, 61.9986, 
59.2929, 61.9994, 61.9987, 
59.3277, 61.9994, 61.9987, 
59.3613, 61.9994, 61.9988, 
59.3977, 61.9994, 61.9988, 
59.432, 61.9995, 61.9988, 
59.4667, 61.9995, 61.9989, 
59.502, 61.9995, 61.9989, 
59.5356, 61.9995, 61.999, 
59.5727, 61.9995, 61.999, 
59.6043, 61.9995, 61.999, 
59.6394, 61.9996, 61.5915, 
59.6765, 61.9996, -61.7914, 
59.7083, 61.9996, -61.9442, 
59.7454, 61.9996, 61.9905, 
59.7796, 61.9996, 61.9992, 
59.8122, 61.9996, 61.9992, 
59.848, 61.9996, 61.9992, 
59.883, 61.9997, 61.9993, 
59.9174, 61.9997, 61.9993, 
59.9511, 61.9997, 61.9698, 
59.9874, 61.9997, -61.2495, 
60.0206, 61.9997, 61.856, 
60.0554, 61.9997, 61.3298, 
60.0936, 61.9997, 61.9994, 
60.1247, 61.9997, 61.9992, 
60.1607, 61.9997, 61.9937, 
60.1957, 61.9997, 61.3581, 
60.23, 61.9998, -61.9994, 
60.2658, 61.9998, -61.9991, 
60.3001, 61.9998, -61.9994, 
60.3335, 61.9998, 61.9995, 
60.3674, 61.9998, 61.9996, 
60.4067, 61.9998, 61.9996, 
60.4389, 61.9998, 61.9996, 
60.4733, 61.9998, 61.9996, 
60.5086, 61.9998, 61.9996, 
60.5412, 61.9998, 61.9996, 
60.576, 61.9998, 61.9996, 
60.6179, 61.9998, 61.9997, 
60.6472, 61.9998, -8.6131, 
60.681, 61.9998, 61.9173, 
60.7172, 61.9999, 61.9997, 
60.7515, 61.9999, 61.9997, 
60.7864, 61.9999, 61.9997, 
60.822, 61.9999, 61.9997, 
60.8548, 61.9999, 45.9162, 
60.8898, 61.9999, -61.9451, 
60.9238, 61.9999, -57.6554, 
60.9612, 61.9999, 61.914, 
60.9951, 61.9999, 61.9998, 
61.027, 61.9999, 61.9998, 
61.062, 61.9999, 61.9998, 
61.0978, 61.9999, 61.9998, 
61.134, 61.9999, 61.9998, 
61.166, 61.9999, 61.9998, 
61.2028, 61.9999, 61.9998, 
61.2356, 61.9999, 61.9998, 
61.2704, 61.9999, 61.9998, 
61.3073, 61.9999, 61.9998, 
61.3395, 61.9999, 61.9998, 
61.3755, 61.9999, 61.9998, 
61.4102, 61.9999, 61.9998, 
61.4445, 61.9999, 61.5443, 
61.4809, 61.9999, 61.9357, 
61.5174, 61.9999, -61.6492, 
61.5488, 61.9999, 27.9256, 
61.5823, 61.9999, 61.9999, 
61.6203, 61.9999, 61.9999, 
61.655, 61.9999, 61.9999, 
61.6872, 61.9999, 61.9999, 
61.7236, 61.9999, 61.9999, 
61.7569, 61.9999, 61.9999, 
61.7911, 62, 61.9991, 
61.8311, 62, 57.8117, 
61.864, 62, -61.9956, 
61.8954, 62, -61.9999, 
61.9317, 62, -61.9998, 
61.9645, 62, 61.9999, 
62.001, 62, 61.9999, 
62.0381, 62, 61.9999, 
62.0706, 62, 61.9999, 
62.106, 62, 61.9999, 
62.1414, -62, 61.9999, 
62.1791, 62, 61.9999, 
62.2101, 62, 61.9999, 
62.2442, 62, -61.7377, 
62.2799, 62, 61.9999, 
62.315, 62, 61.9999, 
62.3475, 62, 61.9999, 
62.3828, 62, -46.936, 
62.4177, 62, 61.9992, 
62.4511, 62, 61.9999, 
62.4863, 62, 61.9999, 
62.5241, 62, 62, 
62.5545, 62, 62, 
62.5889, 62, 61.9964, 
62.6266, 62, 61.9998, 
62.6583, 62, 49.2961, 
62.6962, 62, -61.9818, 
62.7318, 62, -62, 
62.7635, 62, -61.9862, 
62.7974, 62, 62, 
62.8343, 62, 62, 
62.8722, 62, 62, 
62.9016, 62, 62, 
62.9377, 62, 62, 
62.9713, 62, 62, 
63.007, 62, 62, 
63.0457, 62, 62, 
63.0756, 62, 62, 
63.1099, 62, 62, 
63.1459, 62, 62, 
63.1788, 62, 62, 
63.2155, 62, 62, 
63.251, 62, 62, 
63.2845, 62, 62, 
63.3179, 62, 62, 
63.3529, 62, 62, 
63.3896, 62, 62, 
63.4239, 62, 62, 
63.4571, 62, 62, 
63.4934, 62, 62, 
63.5294, 62, 62, 
63.5626, 62, 62, 
63.5957, 62, 62, 
63.6298, 62, 62, 
63.6643, 62, 61.9999, 
63.6988, 62, 62, 
63.7368, 62, 59.1801, 
63.7693, 62, 61.9996, 
63.8034, 62, -62, 
63.8416, 62, -61.9939, 
63.8738, 62, 61.9986, 
63.9098, 62, 62, 
63.9461, 62, 62, 
63.9796, 62, 62, 
64.0131, 62, 62, 
64.0462, 62, 62, 
64.0828, 62, 62, 
64.1176, 62, -61.9984, 
64.1509, 62, -61.9233, 
64.1861, 62, 62, 
64.2215, 62, 62, 
64.2568, 62, 62, 
64.2902, 62, 62, 
64.3302, 62, 62, 
64.3589, 62, 62, 
64.3946, 62, 62, 
64.4334, 62, 62, 
64.4644, 62, 62, 
64.5011, 62, 62, 
64.5354, 62, 62, 
64.5682, 62, 62, 
64.6065, 62, 62, 
64.6405, 62, 62, 
64.6754, 62, 62, 
64.7091, 62, 62, 
64.7443, 62, 62, 
64.7787, 62, 62, 
64.8119, 62, 62, 
64.8512, 62, 62, 
64.8824, 62, 62, 
64.9192, 62, 62, 
64.9505, 62, 62, 
64.9843, 62, 62, 
65.0204, 62, 62, 
65.0533, 62, 62, 
65.0883, 62, 62, 
65.1256, 62, 61.9994, 
65.157, 62, 61.9537, 
65.1942, 62, 62, 
65.2283, 62, -62, 
65.2613, 62, -62, 
65.2973, 62, -61.9986, 
65.331, 62, 62, 
65.3657, 62, 62, 
65.4037, 62, 62, 
65.4354, 62, 62, 
65.472, 62, 62, 
65.5059, 62, 62, 
65.5385, 62, 62, 
65.5741, 62, 62, 
65.6119, 62, 62, 
65.6448, 62, 61.2214, 
65.6773, 62, 58.4177, 
65.7133, 62, 59.4058, 
65.7482, 62, -61.6598, 
65.7817, 62, -21.5895, 
65.8181, 62, 61.9923, 
65.8528, 62, 62, 
65.8876, 62, 62, 
65.9205, 62, 62, 
65.9573, 62, 61.9705, 
65.9952, 62, 62, 
66.0245, 62, 61.4792, 
66.0601, 62, 62, 
66.0978, 62, 61.9753, 
66.1282, 62, 62, 
66.1653, 62, -61.8495, 
66.1989, 62, 61.1018, 
66.2344, 62, 61.9999, 
66.2673, 62, 61.999, 
66.3021, 62, 58.1436, 
66.339, 62, -61.8255, 
66.3735, 62, -62, 
66.4062, 62, 62, 
66.4416, 62, 62, 
66.477, 62, 62, 
66.5118, 62, 62, 
66.5457, 62, 62, 
66.5835, -62, 62, 
66.6145, 62, 62, 
66.6503, 62, 62, 
66.687, 62, -13.4606, 
66.7183, -62, 62, 
66.7532, 62, 62, 
66.7897, 62, 62, 
66.8227, 62, 61.9749, 
66.8586, 62, 62, 
66.8937, 62, 61.9957, 
66.9287, 62, 61.9862, 
66.9618, 62, 61.9989, 
66.9967, 62, 62, 
67.0349, 62, -61.8676, 
67.0659, 62, -62, 
67.1026, 62, -60.0162, 
67.135, 62, 62, 
67.1699, 62, 62, 
67.2117, 62, 62, 
67.2397, 62, 62, 
67.2744, 62, 62, 
67.3117, 62, 62, 
67.3437, -62, 62, 
67.3798, 62, 62, 
67.4265, 62, 62, 
67.4506, 62, 61.9632, 
67.483, 62, 62, 
67.5173, 62, 61.9946, 
67.5531, 62, 61.9626, 
67.5859, 62, -62, 
67.6218, 62, -62, 
67.6558, 62, 56.5647, 
67.6907, 62, 62, 
67.7306, -62, 62, 
67.7597, 62, 62, 
67.7958, 62, -62, 
67.8337, 62, -62, 
67.8642, 62, 61.9999, 
67.902, 62, 62, 
67.9363, 62, 62, 
67.9682, 62, 62, 
68.0037, 62, 62, 
68.0389, 62, 62, 
68.0759, 62, 62, 
68.1083, 62, 62, 
68.1445, 62, 62, 
68.1774, 62, 62, 
68.212, 62, 62, 
68.2491, 62, 62, 
68.2806, 62, 62, 
68.317, 62, 62, 
68.3518, 62, 62, 
68.3855, 62, 62, 
68.4215, 62, 62, 
68.4544, 62, 62, 
68.4895, 62, 62, 
68.5235, 62, 62, 
68.5609, 62, 62, 
68.5951, 62, 62, 
68.6282, 62, 62, 
68.6639, 62, 60.6468, 
68.6975, 62, -35.3658, 
68.7319, 62, 61.9998, 
68.7679, 62, 62, 
68.8027, 62, 62, 
68.8371, 62, 62, 
68.8716, 62, 61.9996, 
68.9061, 62, 59.1051, 
68.9417, 62, 60.4954, 
68.9758, 62, -62, 
69.0101, 62, -61.9309, 
69.0441, 62, -61.9954, 
69.0799, 62, 62, 
69.1166, 62, 62, 
69.1486, 62, 62, 
69.184, 62, 62, 
69.217, 62, 62, 
69.2518, 62, 62, 
69.2897, 62, 62, 
69.3214, 62, 62, 
69.3602, 62, 62, 
69.3921, 62, 62, 
69.4266, 62, 62, 
69.4622, 62, 62, 
69.4987, 62, 62, 
69.5297, 62, 62, 
69.5648, 62, 62, 
69.6024, 62, 62, 
69.6355, -62, 62, 
69.6689, 62, 62, 
69.7047, 62, 62, 
69.7377, 62, 62, 
69.773, 62, 62, 
69.8094, 62, 62, 
69.8422, 62, -26.5042, 
69.8763, -62, -62, 
69.9123, 62, -61.9999, 
69.9468, 62, -61.9903, 
69.9823, 62, 61.9928, 
70.0155, 62, 62, 
70.0519, 62, 62, 
70.0849, 62, 62, 
70.1199, 62, 62, 
70.1576, 62, 62, 
70.1905, 62, 62, 
70.2237, 62, 62, 
70.2599, 62, 62, 
70.2935, 62, 62, 
70.3306, 62, 62, 
70.3641, 62, 62, 
70.3976, -62, 61.9998, 
70.4332, 62, 62, 
70.4678, 62, 62, 
70.5034, 62, -61.9974, 
70.5391, 62, 61.9229, 
70.5725, 62, 62, 
70.6065, 62, 62, 
70.6429, 62, 62, 
70.6781, -62, 62, 
70.7101, 62, -61.6161, 
70.7462, 62, -62, 
70.7805, 62, -62, 
70.814, 62, 62, 
70.8513, 62, 62, 
70.8838, 62, 62, 
70.9188, -62, 62, 
70.9542, 62, 62, 
70.9868, 62, -61.4657, 
71.0253, 62, 61.8787, 
71.0601, 62, 62, 
71.0925, 62, 62, 
71.1265, 62.6607, 59.2636, 
71.1619, 63.391, 56.4644, 
71.1977, 64.148, 53.6594, 
71.2314, 64.0672, 53.9487, 
71.2651, 63.9898, 54.2278, 
71.3, 63.9127, 54.5068, 
71.3357, 63.8371, 54.7819, 
71.3707, 63.7662, 55.0412, 
71.4063, 63.6971, 55.295, 
71.4396, 63.6353, 55.5233, 
71.4732, 63.5751, 55.7465, 
71.5105, 63.5112, 55.9849, 
71.5444, 63.4555, 56.1933, 
71.577, 63.4042, 56.3861, 
71.6147, 63.3468, 56.6025, 
71.6474, -62, 62, 
71.682, 63.2966, 56.7927, 
71.7224, 63.2403, -56.2662, 
71.7513, 63.2018, -57.154, 
71.7858, 63.1574, 56.9341, 
71.8207, 63.1142, 57.4903, 
71.856, 63.0722, 57.6523, 
71.8914, -63.0318, 57.8086, 
71.9264, 62.9935, 57.9574, 
71.9597, 62.9585, 58.0938, 
71.9942, 62.9235, 58.2305, 
72.0281, 62.8904, 58.3601, 
72.0654, 62.8554, 58.4976, 
72.102, -62, 61.9998, 
72.1338, 62.8268, 58.6104, 
72.17, 62.7954, 58.7344, 
72.2036, 62.7673, 58.7688, 
72.2397, 62.7383, 58.9606, 
72.275, 62.7111, -59.0691, 
72.3074, 62.687, -59.164, 
72.3436, 62.6611, -54.7613, 
72.3774, 62.6378, 59.362, 
72.4138, 62.6137, 59.459, 
72.4462, 63.2774, 56.8977, 
72.4826, -62, 62, 
72.5158, 63.9824, 54.3144, 
72.5506, 64.7476, 51.6431, 
72.591, 65.659, 48.5689, 
72.6218, 66.3628, 46.2767, 
72.6572, 66.1778, 46.8645, 
72.6909, 66.9655, 44.3977, 
72.7243, 67.7462, 41.9699, 
72.7612, 67.4843, 42.7584, 
72.7939, 68.2658, 40.4376, 
72.8279, 69.0845, 38.0718, 
72.8627, 69.9252, 35.7032, 
72.8969, 70.7506, 33.4173, 
72.9335, 71.6357, 31.0192, 
72.9669, 72.4491, 29.0044, 
73.0011, 73.2628, 26.8709, 
73.0362, 74.0921, 24.7563, 
73.0706, 73.5358, 26.1769, 
73.1059, 72.992, 27.5795, 
73.1402, 72.4924, 28.8815, 
73.1746, 72.0149, 30.1384, 
73.2084, 71.5701, 31.3212, 
73.2441, 71.1237, 32.5203, 
73.2795, 70.7029, 33.6623, 
73.3127, 70.3282, 34.6897, 
73.3485, 71.2146, 32.4848, 
73.3831, 70.8006, 33.6014, 
73.4179, 70.4057, 34.6774, 
73.4556, 69.9979, 35.8002, 
73.4856, 69.6918, 36.6508, 
73.5201, 69.3538, 37.599, 
73.5546, 69.0331, 38.5071, 
73.5895, 68.7238, 39.3915, 
73.6267, 68.4111, 40.2946, 
73.6598, 68.1469, 41.0649, 
73.6958, 67.8728, 41.8712, 
73.7282, 67.6378, 42.5689, 
73.7631, 67.3969, 43.2902, 
73.7996, 67.1563, 44.0172, 
73.8337, 66.943, 44.6676, 
73.8676, 66.7404, 45.2902, 
73.9023, 66.5427, 45.9032, 
73.938, 66.3486, 46.51, 
73.9728, 66.168, 47.0791, 
74.0062, 67.0105, 44.9132, 
74.0429, 66.7905, 45.576, 
74.0761, -66.6008, 46.1523, 
74.1125, 67.5078, 43.7538, 
74.1492, -67.2651, 44.4636, 
74.1807, -62, 62, 
74.2163, 67.0409, 45.1246, 
74.2496, -62, 62, 
74.2848, -62, 62, 
74.3223, 66.8161, 45.7929, 
74.3546, 66.632, -46.3444, 
74.3904, 67.4564, -43.7254, 
74.4254, 68.2715, 41.1978, 
74.4593, -62, 62, 
74.4962, 67.987, 42.0189, 
74.5267, 67.7639, 42.6683, 
74.5627, 67.511, 43.4104, 
74.5975, 67.2789, 44.0974, 
74.6317, 67.0616, 44.7458, 
74.6674, 66.8445, 45.3988, 
74.6998, -66.6569, 45.9678, 
74.7356, 66.4587, 46.5732, 
74.7697, 66.2794, 47.1255, 
74.8045, 66.1039, 47.6697, 
74.8492, 67.2051, 44.6091, 
74.8745, 67.0472, 45.0756, 
74.9083, 66.8443, 45.6793, 
74.9475, 66.6189, 46.355, 
74.98, 66.4415, 46.8912, 
75.0159, 66.2544, 47.4608, 
75.0497, 66.0862, 47.9765, 
75.0839, 65.9233, 48.4793, 
75.1193, 65.7623, 48.9797, 
75.1555, 65.6046, 49.4734, 
75.1904, 65.4598, 49.9295, 
75.2235, -62, 62, 
75.2565, 65.329, 50.3445, 
75.2915, 65.1959, 50.7691, 
75.3261, 65.0704, 51.1719, 
75.364, 65.9794, 48.4956, 
75.3987, 65.8196, 48.986, 
75.4314, 65.6756, 49.4286, 
75.4662, 65.5288, 49.8868, 
75.5017, 65.3857, 50.3344, 
75.5363, 65.2523, 50.1592, 
75.5695, 66.0502, 48.4357, 
75.6065, 66.9494, 41.9825, 
75.6392, 66.7593, 46.4796, 
75.6747, 66.5612, 47.0607, 
75.7095, -67.3759, 44.5894, 
75.7434, 67.1595, 44.7671, 
75.7774, 67.9892, -24.5002, 
75.8127, 68.8217, -40.5105, 
75.8499, 69.7042, 37.9939, 
75.8871, 69.3494, 38.9554, 
75.9184, 69.0668, 39.728, 
75.9589, 68.7162, 40.6944, 
75.9843, 68.5072, 41.2753, 
76.0206, 69.3846, 38.8891, 
76.06, 69.0262, 39.868, 
76.0889, 68.7779, 40.5517, 
76.1235, 69.6301, 38.3774, 
76.1594, 70.5175, 36.333, 
76.1947, 71.3789, 34.3717, 
76.2316, 72.2632, 32.346, 
76.2659, 73.0709, 30.5768, 
76.3003, 73.8641, 28.863, 
76.3326, 74.5905, 27.304, 
76.3672, 75.3564, 25.5269, 
76.4039, 76.1496, 23.7134, 
76.4385, 76.8816, 22.1027, 
76.4708, 77.5445, 20.6791, 
76.5056, 78.2391, 18.7357, 
76.5411, 78.9421, 16.8206, 
76.5772, 79.6323, 15.3968, 
76.6096, 80.2467, 13.7716, 
76.645, 80.907, 12.0636, 
76.6795, 81.4602, 11.2087, 
76.7145, 82.0403, 10.138, 
76.7503, 82.5493, 9.43492, 
76.7839, 83.0034, 8.82374, 
76.8181, 83.431, 8.29872, 
76.8528, 83.8422, 7.81111, 
76.8877, 84.2215, 7.41441, 
76.9256, 84.6847, 6.7017, 
76.9566, 85.0135, 6.2983, 
76.9906, 85.3682, 5.84527, 
77.026, 85.692, 5.51936, 
77.0626, 85.9856, 5.30158, 
77.0971, 86.2308, 5.17956, 
77.131, 86.4372, 5.15051, 
77.1663, 86.6089, 5.23648, 
77.1998, 86.7342, 5.41153, 
77.2344, 86.8256, 5.68565, 
77.2716, 86.8824, 6.07445, 
77.3037, 86.8917, 6.49806, 
77.3383, 86.8489, 7.07099, 
77.3749, 86.7418, 7.80481, 
77.408, 86.5989, 8.55442, 
77.4441, 86.4049, 9.4366, 
77.4772, 86.1927, 10.2977, 
77.5135, 85.9588, 11.2318, 
77.547, 85.7135, 12.135, 
77.5814, 85.4316, 13.1016, 
77.6197, 85.0772, 14.2322, 
77.6513, 84.7522, 15.2033, 
77.6855, 84.3644, 16.2951, 
77.7199, 83.9633, 17.3961, 
77.7548, 83.5204, 18.5479, 
77.7914, 83.0324, 19.7697, 
77.8244, 82.5713, 20.8828, 
77.8617, 82.0259, 22.1532, 
77.894, 81.5465, 23.2448, 
77.9284, 81.0109, 24.4221, 
77.9693, 80.3485, 25.8286, 
77.9977, 79.8786, 26.7986, 
78.033, 79.2587, 28.0277, 
78.0688, 78.6241, 29.2591, 
78.1041, 78.006, 30.4464, 
78.1386, 77.3796, 31.6088, 
78.171, 76.7836, 32.6903, 
78.2059, 76.1479, 33.8314, 
78.2411, 75.5168, 34.9523, 
78.2753, 74.9016, 36.0261, 
78.3121, 74.239, 37.1621, 
78.3448, 73.6585, 38.1464, 
78.3808, 73.0237, 39.2101, 
78.4195, 72.3132, 40.3564, 
78.4511, 71.7414, 41.2675, 
78.4892, 71.0389, 42.3591, 
78.5255, 70.396, 43.3591, 
78.5555, 69.857, 44.1757, 
78.5936, 69.1936, 45.1817, 
78.6285, 68.6097, 46.068, 
78.6593, 68.1164, 46.8176, 
78.6951, 67.5408, 47.6787, 
78.727, 67.0341, 48.4267, 
78.7644, 66.4591, 49.2763, 
78.8023, 65.9006, 50.1024, 
78.8343, 65.4077, 50.8022, 
78.8668, 64.9149, 51.496, 
78.9001, 64.4104, 52.1961, 
78.9358, 63.89, 52.9187, 
78.9695, 63.4179, 53.5748, 
79.0068, 62.8928, 54.291, 
79.0401, 62.4358, 54.9082, 
79.0752, 61.9601, 55.5436, 
79.1107, 61.4973, 56.1621, 
79.1437, 61.0827, 56.7165, 
79.1806, 60.6368, 57.3131, 
79.2131, 60.2589, 57.8191, 
79.2477, 59.8437, 58.3595, 
79.283, 59.4526, 58.876, 
79.3178, 59.0827, 59.3648, 
79.356, 58.4513, 59.8185, 
79.3861, 57.9304, 60.149, 
79.4207, 57.3837, 60.4971, 
79.4555, 56.8511, 60.8368, 
79.4914, 56.2488, 61.1048, 
79.5266, 55.7122, 61.4513, 
79.5602, 55.2161, 61.7721, 
79.5961, 54.7032, 62.1042, 
79.6289, 54.1831, 62.3339, 
79.664, 53.6446, 62.5728, 
79.7013, -62, 62, 
79.7337, 53.1633, 62.7871, 
79.7678, 52.6711, 63.0071, 
79.803, 52.2151, 63.206, 
79.8472, 51.6599, 63.4491, 
79.8737, 51.2764, 63.5249, 
79.9065, 50.8118, 63.6179, 
79.9428, 50.3127, 63.7193, 
79.9775, 49.7546, 63.7132, 
80.0118, 49.2807, 63.83, 
80.0487, 48.7189, 63.8241, 
80.0819, 48.2311, 63.8212, 
80.1162, 47.74, 63.8202, 
80.1502, 47.2698, 63.8211, 
80.1854, 46.7958, 63.8239, 
80.2219, 46.3214, 63.8286, 
80.2547, 45.9075, 63.8342, 
80.2932, 45.313, 63.7169, 
80.325, 44.8398, 63.626, 
80.3587, 44.3517, 63.5346, 
80.3955, 43.7549, 63.3857, 
80.4281, 43.2006, 63.1929, 
80.4627, 42.6746, 63.0696, 
80.497, 42.1252, 62.883, 
80.5342, 41.5938, 62.7666, 
80.5689, -62, 62, 
80.6018, 41.5097, 62.9828, 
80.6375, 40.9747, 62.7975, 
80.6708, 40.4541, 62.4603, 
80.7065, -62, 62, 
80.7422, 39.8093, 61.9692, 
80.776, 39.2688, 61.5901, 
80.8102, 38.7811, 61.1955, 
80.85, 38.1862, 60.6644, 
80.8792, 38.0566, 60.5333, 
80.916, 37.825, 60.3141, 
80.9489, 37.6258, 60.1256, 
80.986, 37.4082, 59.9199, 
81.0185, 36.8428, 59.4197, 
81.0537, 36.3839, 59.0149, 
81.0897, 35.9303, 58.6155, 
81.1233, -62, 62, 
81.157, 35.3913, 58.1422, 
81.1919, -62, 62, 
81.2273, 34.7646, 57.5179, 
81.263, 34.1567, 56.9125, 
81.2962, 33.45, 56.1467, 
81.3312, 32.7513, 55.353, 
81.3656, 32.0701, 54.6115, 
81.399, 31.334, 53.8377, 
81.436, 30.5061, 52.9628, 
81.4685, 29.7582, 52.1952, 
81.5038, 28.9883, 51.3752, 
81.5402, 28.0614, 50.431, 
81.5731, -27.2566, 49.6103, 
81.6136, 26.1767, 48.5148, 
81.6431, 25.3895, 47.7099, 
81.6777, 24.4526, 46.762, 
81.7123, 23.5475, 45.8457, 
81.7473, 22.664, 44.9507, 
81.7837, 21.6824, 43.9667, 
81.8179, 20.7757, 43.0522, 
81.8547, 19.8357, 42.1036, 
81.8861, -62, 62, 
81.9206, 18.9432, 41.2145, 
81.957, 18.0192, 40.2888, 
81.99, -17.2084, 39.4632, 
82.0247, 16.3848, 38.6126, 
82.06, 15.5532, 37.767, 
82.0961, 14.7419, 36.9223, 
82.1305, 13.9839, 36.1384, 
82.1636, -62, 62, 
82.1991, 13.2002, 35.3364, 
82.233, 12.4764, 34.5926, 
82.2678, -11.7668, -33.8564, 
82.3054, -11.0145, -33.0622, 
82.3384, -10.372, -32.3871, 
82.3723, -9.72963, -31.7158, 
82.4057, -9.11958, -31.0801, 
82.441, 8.50163, 30.4303, 
82.4805, 7.84217, 29.7388, 
82.5111, 7.35079, 29.2328, 
82.546, 6.80929, 28.6741, 
82.5807, 6.28747, 28.1316, 
82.6145, 5.78772, -27.6211, 
82.6508, 5.28938, 27.0778, 
82.6846, -4.82591, -26.6106, 
82.7179, -4.38129, -26.1584, 
82.7537, -62, -62, 
82.7869, -62, -62, 
82.8248, 3.88034, 25.6496, 
82.8577, 3.47203, 25.2334, 
82.8916, 3.08436, 24.8274, 
82.9308, 2.66687, 24.3819, 
82.9627, 2.34809, 24.0272, 
82.9982, 1.99403, 23.6421, 
83.0317, 1.66831, -23.1665, 
83.0666, 1.32993, -22.9158, 
83.1001, 1.00905, 22.5735, 
83.134, 0.690045, 22.2502, 
83.1717, -0.0828122, -21.9031, 
83.2038, -0.0523247, -17.9668, 
83.2395, 0.256706, -21.3124, 
83.2746, -0.55784, -20.2459, 
83.3102, -0.852274, 20.7466, 
83.3455, -1.13303, 20.4917, 
83.3784, -1.38701, 20.262, 
83.413, -62, 61.8514, 
83.4477, -1.62858, 18.7284, 
83.4826, 0.454273, -19.761, 
83.5192, 2.0827, -19.5229, 
83.5524, -2.27166, 19.2861, 
83.5864, -2.47408, 19.0601, 
83.6214, -2.67481, -18.8504, 
83.6562, 2.86201, -18.6319, 
83.6913, -62, -62, 
83.7252, -3.04654, 18.4433, 
83.7614, -3.23703, -18.0981, 
83.7946, -3.40575, 18.0755, 
83.8358, -62, 62, 
83.8658, -3.53129, 17.9256, 
83.8974, -3.65925, 17.7717, 
83.9338, -62, 62, 
83.9668, -3.73849, -1.27721, 
84.0033, -3.82057, 17.353, 
84.0405, -3.87068, 17.1056, 
84.0713, -3.92228, -16.9127, 
84.1115, -3.96053, 16.6586, 
84.1415, -62, 61.9996, 
84.1766, -4.00888, 11.7535, 
84.2137, -4.03893, 16.2144, 
84.2465, -4.02459, -15.992, 
84.2817, -4.01831, 15.7459, 
84.3151, -4.00201, 15.52, 
84.3529, -3.97559, 15.2704, 
84.3865, -3.94548, -10.5063, 
84.4194, 0.95504, -14.4252, 
84.4556, -3.88632, 14.6157, 
84.4889, -3.85035, 14.4104, 
84.5251, -62, 62, 
84.5595, -3.81328, 14.1983, 
84.5934, -62, 45.1656, 
84.6282, -62, -61.2435, 
84.6617, -62, -62, 
84.6993, -62, -62, 
84.7334, -62, -43.2586, 
84.7674, -3.69143, 13.9282, 
84.8035, -3.46488, 13.6123, 
84.8364, -3.25019, 13.3308, 
84.8706, -2.94452, 13.0009, 
84.9083, -2.61711, 12.6478, 
84.9393, -2.35661, 12.367, 
84.9741, -2.07123, 12.0594, 
85.0088, -62, 62, 
85.0465, -1.77183, 11.7369, 
85.0796, -1.51713, 11.4626, 
85.1131, 1.19939, 11.1157, 
85.1483, 0.846967, 10.7469, 
85.1818, 0.606717, 10.4444, 
85.2169, -0.34759, 10.1344, 
85.2532, -0.0738679, 9.82337, 
85.2863, -62, 62, 
85.3205, -0.176468, 9.53923, 
85.3556, -0.42662, 9.25555, 
85.3916, -0.713211, 8.91763, 
85.4266, -1.03289, 8.55949, 
85.4597, -1.28248, 8.26559, 
85.4966, -1.55365, 7.94679, 
85.5293, -1.8322, 7.64997, 
85.5639, -2.07266, 7.367, 
85.6004, -2.36905, 7.03744, 
85.6349, -2.6418, 6.73442, 
85.6683, -2.83494, 6.48173, 
85.7027, -3.03063, 6.22662, 
85.7384, -3.22974, 5.96793, 
85.7743, -3.4335, 5.71815, 
85.8069, -3.64554, 5.47499, 
85.8493, -3.8645, 5.19122, 
85.8759, -4.02874, 5.00418, 
85.9107, -4.2394, 4.76447, 
85.9473, -4.41268, 4.53956, 
85.9805, -4.56638, 4.34063, 
86.0156, -4.72546, 4.13528, 
86.0497, -4.87634, 3.94101, 
86.0865, -5.03521, 3.73699, 
86.1207, -5.17897, 3.55281, 
86.154, -5.31561, 3.37816, 
86.1886, -5.49138, 3.18528, 
86.2239, -5.68583, 2.98565, 
86.2588, -5.81484, 2.81886, 
86.2971, -6.0146, 2.61512, 
86.3271, -6.11732, 2.4812, 
86.3621, -6.27041, 2.31412, 
86.3967, -6.38175, 2.16838, 
86.4318, -6.49168, 2.02479, 
86.4685, -6.6609, 1.85607, 
86.5014, -6.75631, 1.73016, 
86.5357, -6.85331, 1.60241, 
86.5702, -6.94835, 1.47749, 
86.605, -7.09407, 1.33538, 
86.6414, -7.22181, 1.19927, 
86.6758, -7.3563, 1.06851, 
86.7098, -7.48482, 0.943573, 
86.7439, -7.55952, 0.840291, 
86.7787, -7.63381, 0.737812, 
86.8155, -7.71019, 0.632684, 
86.8481, -7.80613, 0.532048, 
86.8836, -7.90703, 0.426217, 
86.9176, -8.00052, 0.328165, 
86.953, -8.09473, 0.229361, 
86.9922, -8.16005, 0.13531, 
87.0218, -8.23434, 0.0581726, 
87.0562, -8.28761, -0.0192637, 
87.0931, -8.34321, -0.0998904, 
87.1261, -8.42051, -0.178659, 
87.1638, -8.50943, -0.241233, 
87.1974, -8.55474, -0.26174, 
87.23, -8.59686, -0.293206, 
87.265, -8.64052, -0.312346, 
87.3019, 8.68481, -0.331652, 
87.3367, -8.72485, -0.349013, 
87.3702, -8.76193, -0.36501, 
87.405, -8.79908, -0.380961, 
87.4397, -8.83465, -0.396162, 
87.4745, -8.86804, -0.380545, 
87.5095, -8.90122, -0.395613, 
87.5434, -8.93125, -0.380191, 
87.5777, -62, 62, 
87.6119, -8.95853, -0.330726, 
87.651, -8.99089, -0.315342, 
87.6854, -9.15765, -0.41925, 
87.7175, -9.2798, -0.44938, 
87.7531, -9.36696, -0.472174, 
87.7869, -9.44607, -0.492345, 
87.8232, -9.52755, -0.512609, 
87.8583, -9.60281, -0.530855, 
87.8942, -9.67813, -0.531573, 
87.9275, -9.74491, -0.531692, 
87.9608, -9.81032, -0.514582, 
87.9972, -9.879, -0.496036, 
88.0322, -9.94222, -0.478435, 
88.0656, -10.0002, -0.461866, 
88.0991, -10.056, -0.445499, 
88.1356, -10.1158, -0.408275, 
88.1698, -10.1708, -0.354462, 
88.2054, -10.226, -0.300432, 
88.238, -10.2748, -0.252623, 
88.2705, -62, 62, 
88.3065, -10.3268, -0.201696, 
88.3433, -10.4001, -0.150772, 
88.3791, -10.5945, -0.262818, 
88.4104, -10.7719, -0.329358, 
88.4461, -10.8765, -0.352897, 
88.4854, -10.9916, -0.356465, 
88.5158, -11.0799, -0.341265, 
88.5514, -11.1795, -0.323105, 
88.5842, -11.2674, -0.306206, 
88.6215, -11.3631, -0.286889, 
88.6553, -11.4459, -0.26941, 
88.6893, -11.5261, -0.251798, 
88.7265, -11.6101, -0.232636, 
88.7599, -11.6821, -0.21561, 
88.7936, -11.752, -0.198604, 
88.8381, -11.8406, -0.176313, 
88.8633, -11.8885, -0.163953, 
88.8984, 11.9617, -0.102492, 
88.9319, -12.0291, -0.0457577, 
88.9651, -12.0935, 0.00866852, 
89.0025, -12.1637, 0.068174, 
89.0352, -12.2226, 0.118233, 
89.0749, -12.2916, 0.177116, 
89.1051, -12.342, 0.22024, 
89.1391, -12.397, 0.267434, 
89.1752, -12.4533, 0.315806, 
89.2085, -12.5034, 0.358986, 
89.2456, -12.5572, 0.405449, 
89.2791, -12.6039, 0.44594, 
89.3142, -12.6511, 0.486862, 
89.3481, -12.6953, 0.525207, 
89.3819, -12.7375, 0.562002, 
89.4217, -12.7858, 0.604061, 
89.4514, -12.8203, 0.634189, 
89.4865, -12.8598, 0.668714, 
89.5226, -12.8989, 0.703016, 
89.5567, -12.9346, 0.734328, 
89.5927, -12.971, 0.76629, 
89.6258, -13.0032, 0.794616, 
89.6598, -13.0351, 0.822692, 
89.6959, -13.068, 0.851618, 
89.7298, -13.0976, 0.877767, 
89.7661, -13.1282, 0.904805, 
89.8, -13.1558, 0.929134, 
89.8338, -13.1824, 0.952654, 
89.8681, -13.2084, 0.97567, 
89.9037, -13.2344, 0.998795, 
89.9396, -13.2598, 1.02129, 
89.9734, -13.2828, 1.04167, 
90.0076, -13.3053, 1.06166, 
90.0436, -13.3281, 1.08198, 
90.077, -13.3486, 1.10013, 
90.1132, -13.3699, 1.11917, 
90.1462, -13.3887, 1.13589, 
90.182, -13.4084, 1.15344, 
90.2155, -13.4262, 1.16928, 
90.2509, -13.4444, 1.18549, 
90.2861, -13.4618, 1.20102, 
90.318, -13.4769, 1.21458, 
90.3526, -13.4929, 1.22885, 
90.3872, -13.5083, 1.24262, 
90.4229, -13.5237, 1.25637, 
90.4584, -13.5384, 1.26954, 
90.4916, -13.5517, 1.28138, 
90.5275, -13.5655, 1.29381, 
90.5608, -13.5779, 1.30492, 
90.5957, -13.5905, 1.31618, 
90.6319, -13.6031, 1.32746, 
90.6651, -13.6142, 1.3374, 
90.7005, -13.6257, 1.3477, 
90.7344, -13.6362, 1.35718, 
90.7698, -13.6469, 1.36676, 
90.8057, -13.6574, 1.37612, 
90.8399, -13.6669, 1.38472, 
90.8735, -13.676, 1.39289, 
90.9116, -13.686, 1.40185, 
90.9428, -13.6938, 1.40889, 
90.9796, -13.7028, 1.41697, 
91.0128, -13.7106, 1.42396, 
91.0466, -13.7183, 1.43085, 
91.0813, -13.7259, 1.43769, 
91.1177, -13.7336, 1.44462, 
91.1534, -13.7408, 1.45116, 
91.1865, -13.7474, 1.45702, 
91.224, -13.7545, 1.46344, 
91.2565, -13.7604, 1.46878, 
91.2907, -13.7665, 1.47424, 
91.3304, -13.7733, 1.48033, 
91.3603, -13.7782, 1.48475, 
91.3952, -13.7837, 1.48976, 
91.4304, -13.7891, 1.49463, 
91.4647, -13.7942, 1.4992, 
91.5, -13.7993, 1.50375, 
91.5338, -13.8039, 1.50796, 
91.5674, -13.8084, 1.512, 
91.6021, -13.8129, 1.51603, 
91.6387, -13.8174, 1.52013, 
91.6737, -13.8216, 1.52391, 
91.7067, -13.8254, 1.52735, 
91.7437, -13.8296, 1.53108, 
91.7759, -13.833, 1.5342, 
91.8106, -13.8367, 1.53746, 
91.849, -13.8405, 1.54095, 
91.8798, -13.8435, 1.54364, 
91.9153, -13.8468, 1.54664, 
91.9513, -13.8501, 1.54957, 
91.9849, -13.853, 1.55221, 
92.0218, -13.8561, 1.55502, 
92.0544, -13.8588, 1.5574, 
92.088, -13.8614, 1.55979, 
92.1239, -13.8641, 1.56224, 
92.1585, -13.8666, 1.56452, 
92.1955, -13.8693, 1.56688, 
92.2281, -13.8715, 1.56888, 
92.2632, 13.8738, 1.57096, 
92.2961, -13.8759, 1.57285, 
92.3313, -13.878, 1.57479, 
92.3697, -13.8803, 1.57684, 
92.4006, -13.8821, 1.57843, 
92.4367, -13.884, 1.58023, 
92.4715, -13.8859, 1.5819, 
92.5045, -13.8876, 1.58343, 
92.5419, -13.8894, 1.5851, 
92.5742, -13.891, 1.5865, 
92.6095, -13.8926, 1.58797, 
92.6444, -13.8942, 1.58937, 
92.6793, -13.8957, 1.59073, 
92.7181, -13.8973, 1.59218, 
92.7476, -13.8985, 1.59325, 
92.7828, -13.8998, 1.59448, 
92.8192, -13.9012, 1.59571, 
92.8515, -13.9023, 1.59676, 
92.8894, -13.9037, 1.59795, 
92.9235, -13.9048, 1.59898, 
92.9557, -13.9058, 1.59993, 
92.991, -13.907, 1.60092, 
93.0259, -13.908, 1.60188, 
93.0628, -13.9091, 1.60285, 
93.0975, -13.9101, 1.60373, 
93.1337, -13.911, 1.60462, 
93.1658, -13.9119, 1.60538, 
93.1997, -13.9127, 1.60615, 
93.2376, -13.9137, 1.60699, 
93.2679, -13.9144, 1.60763, 
93.3042, -13.9152, 1.60838, 
93.3372, -13.9159, 1.60903, 
93.3734, -13.9167, 1.60973, 
93.4086, -13.9174, 1.61038, 
93.4428, -13.9181, 1.61099, 
93.4764, -13.9187, 1.61157, 
93.5109, -13.9194, 1.61215, 
93.5468, -13.92, 1.61272, 
93.5823, -13.9206, 1.61327, 
93.6161, -13.9212, 1.61378, 
93.6518, -13.9218, 1.6143, 
93.6848, -13.9223, 1.61476, 
93.7192, -13.9228, 1.61522, 
93.7557, -13.9233, 1.61569, 
93.7887, -13.9238, 1.61611, 
93.8234, -13.9242, 1.61653, 
93.8589, -13.9247, 1.61694, 
93.8941, -13.9251, 1.61734, 
93.9295, -13.9255, 1.61773, 
93.9623, -13.9259, 1.61807, 
93.997, -13.9263, 1.61842, 
94.0324, -13.9267, 1.61877, 
94.0664, -13.9271, 1.61909, 
94.1043, -13.9274, 1.61944, 
94.1361, -13.9278, 1.61972, 
94.1704, -13.9281, 1.62001, 
94.2052, -13.9284, 1.6203, 
94.2398, -13.9287, 1.62057, 
94.2778, -13.929, 1.62086, 
94.3091, -13.9293, 1.62109, 
94.3452, -13.9296, 1.62135, 
94.3793, -13.9298, 1.62159, 
94.4134, -13.9301, 1.62181, 
94.4504, -13.9303, 1.62205, 
94.4863, 13.9306, 1.62227, 
94.5181, -13.9308, 1.62246, 
94.5526, -13.931, 1.62266, 
94.5897, -13.9312, 1.62287, 
94.6241, -13.9314, 1.62305, 
94.6567, -13.9316, 1.62322, 
94.6917, -13.9318, 1.6234, 
94.7266, -13.932, 1.62357, 
94.7603, -13.9322, 1.62372, 
94.797, -13.9324, 1.62389, 
94.8422, 13.9326, 1.62409, 
94.8658, -13.9327, 1.62418, 
94.8995, -13.9328, 1.62432, 
94.9368, -13.933, 1.62447, 
94.9708, -13.9331, 1.62459, 
95.0036, -13.9333, 1.62471, 
95.0399, -13.9334, 1.62484, 
95.0739, -13.9335, 1.62496, 
95.109, -13.9337, 1.62507, 
95.1451, -13.9338, 1.62519, 
95.1767, -13.9339, 1.62528, 
95.2115, -13.934, 1.62539, 
95.2469, -13.9341, 1.62549, 
95.2809, -13.9342, 1.62558, 
95.3181, -13.9343, 1.62568, 
95.3511, -13.9344, 1.62576, 
95.386, -13.9345, 1.62585, 
95.4198, -13.9346, 1.62593, 
95.4546, -13.9347, 1.62601, 
95.4939, -13.9348, 1.6261, 
95.5254, -13.9349, 1.62616, 
95.5606, -13.935, 1.62624, 
95.5941, -13.935, 1.6263, 
95.6282, -13.9351, 1.62637, 
95.6644, -13.9352, 1.62644, 
95.6984, -13.9352, 1.6265, 
95.7348, -13.9353, 1.62656, 
95.7679, -13.9354, 1.62662, 
95.8071, -13.9355, 1.62668, 
95.8507, -13.9355, 1.62675, 
95.9449, -13.9357, 1.62689, 
95.9777, -13.9357, 1.62693, 
96.014, -13.9358, 1.62698, 
96.047, -13.9358, 1.62702, 
96.0804, -13.9359, 1.62706, 
96.1175, -13.9359, 1.62711, 
96.1515, -13.936, 1.62714, 
96.1847, -13.936, 1.62718, 
96.2212, -13.936, 1.62722, 
96.2562, -13.9361, 1.62725, 
96.291, -13.9361, 1.62729, 
96.3235, -13.9362, 1.62732, 
96.3582, -13.9362, 1.62735, 
96.3935, -13.9362, 1.62738, 
96.4275, -13.9363, 1.62741, 
96.4652, -13.9363, 1.62744, 
96.4986, -13.9363, 1.62747, 
96.5321, -13.9364, 1.62749, 
96.5663, 13.9364, 1.62752, 
96.6011, -13.9364, 1.62754, 
96.6372, -13.9364, 1.62757, 
96.6718, -13.9365, 1.62759, 
96.7055, -13.9365, 1.62761, 
96.7397, -13.9365, 1.62764, 
96.775, -13.9365, 1.62766, 
96.8106, -13.9366, 1.62768, 
96.8484, -13.9366, 1.6277, 
96.878, -13.9366, 1.62771, 
96.9128, -13.9366, 1.62773, 
96.9477, -13.9366, 1.62775, 
96.9844, -13.9367, 1.62777, 
97.0173, -13.9367, 1.62778, 
97.0515, -13.9367, 1.6278, 
97.0862, -13.9367, 1.62781, 
97.121, -13.9367, 1.62783, 
97.1599, -13.9367, 1.62784, 
97.1909, -13.9368, 1.62786, 
97.2254, -13.9368, 1.62787, 
97.2621, -13.9368, 1.62788, 
97.2947, -13.9368, 1.62789, 
97.3309, -13.9368, 1.62791, 
97.3673, -13.9368, 1.62792, 
97.3989, -13.9368, 1.62793, 
97.4332, -13.9368, 1.62794, 
97.4729, -13.9369, 1.62795, 
97.5052, -13.9369, 1.62796, 
97.5376, -13.9369, 1.62797, 
97.5725, -13.9369, 1.62798, 
97.6066, -13.9369, 1.62799, 
97.6424, -13.9369, 1.628, 
97.678, -13.9369, 1.628, 
97.7104, -13.9369, 1.62801, 
97.7459, -13.9369, 1.62802, 
97.7799, -13.9369, 1.62803, 
97.8143, -13.9369, 1.62803, 
97.8509, -13.937, 1.62804, 
97.8846, -13.937, 1.62805, 
97.9188, -13.937, 1.62805, 
97.9534, -13.937, 1.62806, 
97.9894, -13.937, 1.62807, 
98.0255, -13.937, 1.62807, 
98.0582, -13.937, 1.62808, 
98.0928, -13.937, 1.62808, 
98.1274, -13.937, 1.62809, 
98.1624, -13.937, 1.62809, 
98.1987, -13.937, 1.6281, 
98.2319, -13.937, 1.6281, 
98.2674, -13.937, 1.62811, 
98.3032, -13.937, 1.62811, 
98.3362, -13.937, 1.62812, 
98.3727, -13.937, 1.62812, 
98.4067, -13.937, 1.62813, 
98.4413, -13.9171, 1.62268, 
98.4746, -13.9178, 1.62287, 
98.5108, -13.8782, 1.61185, 
98.5465, -13.8803, 1.61243, 
98.5795, -13.8631, 1.6078, 
98.6145, -13.8657, 1.60851, 
98.6481, -13.8681, 1.60917, 
98.6833, -13.8705, 1.60984, 
98.7194, -13.8729, 1.6105, 
98.7526, -13.8558, 1.60593, 
98.7874, -13.8197, 1.59603, 
98.8223, -13.7847, 1.58653, 
98.8568, -13.7513, 1.57754, 
98.8918, -13.7374, 1.57399, 
98.9247, -13.744, 1.57574, 
98.9618, -13.7296, 1.57204, 
98.9972, -13.737, 1.57399, 
99.0301, -13.7436, 1.57573, 
99.0722, -13.7518, 1.5779, 
99.0987, -13.7568, 1.57921, 
99.1332, -13.763, 1.58087, 
99.1677, -13.7691, 1.58247, 
99.2023, -13.7749, 1.58402, 
99.2388, -13.7809, 1.58561, 
99.273, -13.7862, 1.58704, 
99.3076, -13.7915, 1.58844, 
99.3412, -13.7964, 1.58976, 
99.3766, -13.8014, 1.5911, 
99.4122, -13.8062, 1.59241, 
99.4453, -13.8106, 1.59357, 
99.4807, -13.8151, 1.59479, 
99.5158, -13.8194, 1.59594, 
99.5501, -13.8234, 1.59704, 
99.5881, -13.8278, 1.59821, 
99.6186, -13.8311, 1.59911, 
99.6546, -13.835, 1.60015, 
99.6894, -13.8385, 1.60112, 
99.7236, -13.8419, 1.60204, 
99.7608, -13.8455, 1.603, 
99.7934, -13.8485, 1.60382, 
99.8305, -13.8518, 1.60471, 
99.8645, -13.8547, 1.60551, 
99.8975, 13.8574, 1.60625, 
99.9353, -13.8604, 1.60707, 
99.9661, -13.8628, 1.60772, 
100.004, -13.8656, 1.60849, 
100.039, -13.8618, 1.58825, 
100.072, -13.8643, 1.58957, 
100.109, -13.8603, 1.56898, 
100.142, -13.8628, 1.57094, 
100.176, -13.8654, 1.57292, 
100.209, -13.8677, 1.57471, 
100.245, -13.8702, 1.57665, 
100.28, -13.8726, 1.57844, 
100.313, -13.8872, 1.6249, 
100.347, -13.8702, 1.70761, 
100.383, -13.8538, 1.78869, 
100.421, -13.8372, 1.87308, 
100.455, -13.8232, 1.94519, 
100.488, -13.8102, 2.01389, 
100.523, -13.7974, 2.08217, 
100.555, -13.7754, 2.09743, 
100.591, -13.7519, 2.11382, 
100.627, -13.7642, 2.18763, 
100.66, -13.7758, 2.2556, 
100.697, -13.7883, 2.32652, 
100.73, -13.7997, 2.38936, 
100.766, -13.8115, 2.45337, 
100.801, -13.823, 2.51396, 
100.834, -13.857, 2.57748, 
100.871, -13.8937, 2.64538, 
100.904, -13.9252, 2.7033, 
100.939, -13.9579, 2.76301, 
100.976, -13.9918, 2.8245, 
101.007, -14.0189, 2.87337, 
101.043, -14.0793, 3.02549, 
101.076, -14.1436, 3.19417, 
101.113, -14.2467, 3.38772, 
101.148, 14.3784, 3.58195, 
101.181, -14.5001, 3.75894, 
101.22, -14.723, 3.99373, 
101.25, -14.921, 4.24752, 
101.286, -15.1741, 4.59419, 
101.323, -15.4562, 5.00109, 
101.354, -15.6821, 5.31985, 
101.39, -15.9949, 5.80841, 
101.424, -16.3109, 6.3122, 
101.461, -16.6727, 6.89706, 
101.495, -17.0001, 7.40744, 
101.528, -17.3199, 7.89138, 
101.562, -17.699, 8.50005, 
101.599, -18.1846, 9.30883, 
101.632, -18.616, 9.99596, 
101.671, -19.106, 10.7476, 
101.703, -19.6878, 11.5277, 
101.736, -20.2861, 12.3396, 
101.771, -20.926, 13.1853, 
101.806, -21.6494, 14.1828, 
101.846, -22.4373, 15.2362, 
101.875, -23.0005, 15.9716, 
101.912, -23.6968, 16.8635, 
101.944, -24.3025, 17.6258, 
101.983, -24.9931, 18.4817, 
102.016, -25.7122, 19.2821, 
102.048, -26.379, 20.0194, 
102.083, -27.0914, 20.8024, 
102.117, -27.7617, 21.5348, 
102.156, -28.5085, 22.3469, 
102.189, -29.1201, 23.0087, 
102.221, -29.6932, 23.6268, 
102.257, -30.3124, 24.2922, 
102.292, -30.7936, 24.7664, 
102.328, -31.4246, 25.3405, 
102.363, -31.9703, 25.813, 
102.396, -32.4055, 26.1672, 
102.43, -32.8354, 26.519, 
102.465, -33.4076, 26.9647, 
102.501, -33.9708, 27.4071, 
102.537, -34.517, 27.8395, 
102.574, -35.0584, 28.2712, 
102.607, -35.5275, 28.6477, 
102.641, -35.9923, 29.0229, 
102.674, -36.4234, 29.3728, 
102.71, -36.8711, 29.7379, 
102.743, -37.2726, 30.0669, 
102.778, -37.6739, 30.3972, 
102.817, -38.1118, 30.7592, 
102.849, -38.4639, 31.0514, 
102.887, -38.8607, 31.3819, 
102.919, -39.1835, 31.6517, 
102.952, -39.3959, 31.7839, 
102.987, -39.7543, 32.0175, 
103.023, -40.1149, 32.2541, 
103.062, -40.4888, 32.5014, 
103.092, -40.8435, 32.7097, 
103.13, -41.2114, 32.89, 
103.162, -41.5133, 33.0395, 
103.195, -41.8118, 33.1887, 
103.233, -42.1755, 33.3113, 
103.264, -42.4645, 33.4102, 
103.301, -42.8811, 33.5499, 
103.334, -43.186, 33.6104, 
103.372, -43.5206, 33.6783, 
103.405, -43.8382, 33.7003, 
103.438, -44.1349, 33.7222, 
103.474, -44.5356, 33.7719, 
103.507, -44.842, 33.757, 
103.544, -45.1949, 33.7015, 
103.578, -45.5076, 33.6535, 
103.614, -45.9683, 33.6937, 
103.648, 46.2862, 33.6104, 
103.681, 46.5701, 33.5359, 
103.72, -12.4359, 33.5455, 
103.752, -47.3756, 33.5351, 
103.787, -47.6589, 33.5847, 
103.821, 48.0121, 33.6352, 
103.852, 43.7794, 33.5344, 
103.888, 48.5401, 33.3843, 
103.923, -48.9432, 33.3673, 
103.957, -49.1378, 33.307, 
103.991, -49.3313, 33.2474, 
104.026, 49.3988, 33.056, 
104.06, 49.5324, 32.7721, 
104.099, 49.7021, 32.4277, 
104.131, -49.9586, 32.2631, 
104.165, -49.9877, 31.9798, 
104.2, 50.0182, 31.6909, 
104.234, 50.0253, 31.3025, 
104.27, 50.0761, 30.838, 
104.303, 50.1432, 30.3856, 
104.339, 50.1052, 29.9226, 
104.373, 50.0096, 29.443, 
104.408, 49.9165, 28.9607, 
104.444, -35.2181, 28.4824, 
104.476, 49.6182, 27.9817, 
104.511, 49.4044, 27.4606, 
104.546, 49.1023, 26.8294, 
104.582, -48.8063, 26.1985, 
104.618, -48.4937, 25.6416, 
104.651, -48.1191, 25.0505, 
104.685, 47.8273, 24.4553, 
104.72, 47.5352, 23.7544, 
104.755, 47.2554, 23.0649, 
104.791, 47.0979, 22.4598, 
104.826, 46.7052, 21.7998, 
104.859, 46.3484, 21.1905, 
104.894, 45.9508, 20.496, 
104.928, 45.5496, 19.8223, 
104.965, 45.0274, 19.0461, 
104.998, 44.5978, 18.3977, 
105.032, 44.0822, 17.6876, 
105.067, 43.5621, 16.9783, 
105.104, 42.9892, 16.2028, 
105.139, 42.4244, 15.4559, 
105.172, 41.9131, 14.7712, 
105.205, 41.414, 14.0944, 
105.242, 40.8459, 13.3404, 
105.275, 40.3179, 12.651, 
105.312, 39.7545, 11.9056, 
105.345, 39.248, 11.2467, 
105.38, 38.665, 10.5343, 
105.414, 38.1398, 9.88593, 
105.449, 37.6133, 9.22906, 
105.485, 37.0633, 8.54617, 
105.519, 36.5486, 7.9094, 
105.553, 36.0426, 7.27637, 
105.588, 35.5332, 6.65743, 
105.622, 34.9996, 6.02959, 
105.659, 34.4382, 5.36732, 
105.692, 33.9692, 4.80873, 
105.726, 33.4895, 4.23173, 
105.761, 33.0259, 3.66841, 
105.796, 32.5383, 3.09164, 
105.833, 32.0662, 2.52596, 
105.866, 31.643, 2.0287, 
105.901, 31.1913, 1.49602, 
105.937, 30.7559, 0.977345, 
105.969, 30.3773, 0.526835, 
106.005, 29.9463, 0.0302094, 
106.038, 29.5695, -0.407607, 
106.075, 29.1715, -0.874157, 
106.108, 28.8214, -1.28846, 
106.143, 28.4469, -1.71091, 
106.179, 28.0769, -2.12007, 
106.215, 27.7115, -2.5267, 
106.248, 27.3883, -2.87829, 
106.285, 27.0407, -3.24278, 
106.318, 26.724, -3.56854, 
106.356, 26.3624, 3.91081, 
106.388, 26.0737, -3.39926, 
106.422, 25.7694, -4.47605, 
106.46, 25.4475, 4.57158, 
106.496, 25.1454, 5.07271, 
106.53, 24.8632, 5.32798, 
106.563, 24.5959, 5.55993, 
106.598, 24.3063, 5.7927, 
106.631, 24.0431, 6.00173, 
106.665, 23.7347, 6.21179, 
106.702, 23.457, 6.43795, 
106.734, -23.2574, 6.62796, 
106.771, -22.9844, 6.82832, 
106.804, -22.7448, 7.02006, 
106.85, -22.4338, 7.28089, 
106.876, -22.2657, 7.42338, 
106.908, -22.0703, 7.58772, 
106.942, -21.864, 7.75959, 
106.977, -21.6579, 7.92968, 
107.012, 21.4612, 8.09494, 
107.048, -21.2622, 8.25544, 
107.084, -21.0691, 8.40939, 
107.115, -20.9107, 8.53415, 
107.155, -20.6993, 8.69523, 
107.184, -5.01241, 8.80002, 
107.224, -20.3797, 8.95497, 
107.254, -20.2461, 9.06351, 
107.289, 20.0551, 9.18957, 
107.324, 19.9054, 9.30874, 
107.36, -19.792, 9.42457, 
107.395, -19.6501, 9.53465, 
107.427, -19.5188, 9.62448, 
107.467, -19.3518, 9.73709, 
107.497, -19.2337, 9.8196, 
107.533, -19.1112, 9.92125, 
107.569, -18.9896, 10.0213, 
107.604, 18.8403, 10.1166, 
107.636, 18.7753, 10.1999, 
107.671, -18.6679, 10.2914, 
107.71, -18.5518, 10.3829, 
107.742, -18.4507, 10.4484, 
107.776, -18.3464, 10.5208, 
107.81, -18.2574, 10.6004, 
107.849, -18.159, 10.688, 
107.878, -18.0879, 10.751, 
107.916, 17.9684, 10.8293, 
107.948, -17.926, 10.8934, 
107.986, -17.8397, 10.9686, 
108.018, -17.7601, 11.0153, 
108.053, -17.6881, 11.0776, 
108.093, -17.6072, 11.1473, 
108.122, -17.5549, 11.2028, 
108.159, -17.4909, 11.2779, 
108.191, -62, -62, 
108.227, -62, -62, 
108.263, -62, -62, 
108.295, -62, -62, 
108.334, -62, 62, 
108.364, -62, 62, 
108.401, -62, 62, 
108.435, -62, 62, 
108.472, -62, 62, 
108.503, -62, 62, 
108.538, -62, 62, 
108.574, -62, 62, 
108.609, -62, 62, 
108.642, -62, 62, 
108.677, -62, 62, 
108.713, -62, 62, 
108.747, -62, 62, 
108.783, -62, 62, 
108.817, -62, 62, 
108.851, -62, 62, 
108.886, -62, 62, 
108.919, -62, 62, 
108.959, -62, 62, 
108.989, -62, 62, 
109.025, -62, 62, 
109.063, -62, 62, 
109.094, -62, 62, 
109.133, -37.4664, -28.8617, 
109.162, -45.9106, -35.5315, 
109.199, -52.9738, -40.4403, 
109.232, -57.1042, -42.7286, 
109.267, -62, 62, 
109.303, -62, 62, 
109.336, -62, 62, 
109.371, -60.3218, -44.0367, 
109.405, -62.959, -44.8961, 
109.44, -65.2806, -45.4576, 
109.476, -62, 62, 
109.509, -62, 62, 
109.544, -62, 62, 
109.578, -67.0095, -45.5703, 
109.614, -68.6344, -45.5362, 
109.649, -70.2144, -45.4834, 
109.684, -71.6176, -45.3348, 
109.718, -72.7595, -45.0505, 
109.753, -73.6966, -44.6878, 
109.789, -74.498, -44.309, 
109.835, -75.2258, -43.865, 
109.859, -75.506, -43.671, 
109.894, -75.7145, -43.4811, 
109.928, -75.823, -43.3517, 
109.963, -75.902, -43.18, 
110.001, -75.8714, -43.0126, 
110.032, -75.9424, -42.6847, 
110.068, -75.9428, -42.3813, 
110.102, -75.9683, -41.9387, 
110.136, -75.9396, -41.4081, 
110.172, -75.9879, -40.652, 
110.205, -75.9381, -40.0221, 
110.243, -75.9226, -39.1455, 
110.275, -75.8937, -38.279, 
110.311, -75.9001, -37.2493, 
110.347, -75.8896, -36.2515, 
110.379, -75.8818, -35.2596, 
110.414, -75.9298, -34.0589, 
110.448, -75.9453, -32.9978, 
110.481, -76.0269, -31.7801, 
110.522, -76.0743, -30.4899, 
110.55, -76.1495, -29.5272, 
110.594, 30.5324, -27.9858, 
110.621, -75.897, -27.1333, 
110.656, 76.3684, -25.9728, 
110.694, 76.4543, -24.6716, 
110.726, 76.5264, -23.4941, 
110.76, 76.5879, -22.2473, 
110.798, 76.6054, -20.8109, 
110.828, 76.5539, -19.618, 
110.865, 76.442, -18.0282, 
110.899, 76.305, -16.5597, 
110.932, 76.0776, -15.137, 
110.966, 75.8046, -13.5411, 
111.002, 75.4692, -11.8193, 
111.042, 74.9376, -10.0163, 
111.071, 74.5449, -8.63883, 
111.106, -73.9966, -7.00102, 
111.14, -73.4013, -5.33894, 
111.175, -72.7589, -3.60823, 
111.211, -72.0941, -1.83317, 
111.244, -71.5965, -0.398703, 
111.28, -71.0823, 1.1112, 
111.314, -70.6876, 2.60097, 
111.348, 70.3262, 4.00998, 
111.386, 70.021, 5.53794, 
111.417, 69.7907, 6.54662, 
111.453, -69.5353, 7.75238, 
111.488, -69.2745, 8.96555, 
111.526, 68.9103, 10.1166, 
111.56, 68.71, 11.1704, 
111.594, 68.5064, 11.9794, 
111.629, -68.366, 12.9085, 
111.664, -68.137, 13.9715, 
111.699, -67.854, 14.8393, 
111.735, -67.596, 15.6929, 
111.769, -67.4319, 16.4289, 
111.803, 67.2298, 16.9203, 
111.852, 66.7968, 17.8029, 
111.946, -66.8383, 19.6293, 
111.977, -66.7034, 20.1275, 
112.013, -66.5497, 20.7009, 
112.049, 66.3247, 21.0977, 
112.079, 66.1869, 21.3513, 
112.118, 66.0407, 21.6285, 
112.148, -65.8395, 21.8642, 
112.185, -65.7375, 22.1795, 
112.219, 65.5226, 22.4102, 
112.254, 65.3913, 22.6587, 
112.292, 65.2814, 22.8754, 
112.322, -65.1676, 23.0714, 
112.357, -65.0345, 23.3341, 
112.394, -64.88, 23.5987, 
112.427, 64.6949, 23.6526, 
112.464, 64.5341, 23.6343, 
112.501, 64.4016, 23.5787, 
112.531, 64.2968, 23.5349, 
112.566, 64.157, 23.5223, 
112.6, 63.8879, 23.4373, 
112.636, 63.6221, 23.3126, 
112.67, -63.3214, 23.1462, 
112.705, -62.9593, 22.9249, 
112.745, 62.5574, 22.6812, 
112.778, 62.2776, 22.433, 
112.808, 62.0549, 22.1515, 
112.843, 61.6887, 21.7493, 
112.876, 61.3245, 21.3946, 
112.912, 60.9266, 21.055, 
112.948, -60.5499, 20.7345, 
112.987, -59.9651, 20.2122, 
113.018, -59.5582, 19.867, 
113.053, 59.1483, 19.4386, 
113.089, 58.7717, 18.9531, 
113.12, 58.3543, 18.4704, 
113.157, -57.9628, 18.0646, 
113.189, -57.4962, 17.6123, 
113.227, 57.0022, 17.1264, 
113.258, 56.6461, 16.7039, 
113.294, 56.1573, 16.0882, 
113.329, 55.6999, 15.5486, 
113.363, 55.2443, 15.0487, 
113.399, 54.799, 14.5591, 
113.433, 54.3812, 14.0995, 
113.471, -53.9259, 13.5951, 
113.506, -53.4385, 13.0877, 
113.54, 52.902, 12.5495, 
113.572, 52.4196, 12.0039, 
113.606, 51.9155, 11.405, 
113.641, -51.469, 10.9109, 
113.679, -50.8605, 10.3213, 
113.714, -50.3277, 9.80566, 
113.747, 49.8423, 9.30642, 
113.782, 49.3122, 8.69105, 
113.815, -48.8404, 8.14024, 
113.849, -48.4884, 7.72095, 
113.886, 47.9567, 7.16276, 
113.92, 47.5719, 6.70101, 
113.955, 47.15, 6.16372, 
113.99, -46.7284, 5.65692, 
114.027, -46.2711, 5.17753, 
114.058, -45.9069, 4.79509, 
114.093, -45.4997, 4.36686, 
114.131, 45.008, 3.81704, 
114.163, 44.6941, 3.42161, 
114.202, 44.3318, 2.96177, 
114.234, -44.0941, 2.65179, 
114.269, -43.7611, 2.30326, 
114.305, -43.4273, 1.95338, 
114.334, -43.1686, 1.6819, 
114.37, -42.8692, 1.32725, 
114.403, 42.5659, 0.964189, 
114.439, 42.3091, 0.613835, 
114.472, 42.0865, 0.307662, 
114.506, -41.8614, -0.00451743, 
114.543, -41.543, -0.349483, 
114.576, -41.3161, -0.583112, 
114.611, -41.0418, -0.88177, 
114.645, -40.7963, -1.14329, 
114.682, -40.5665, -1.3799, 
114.716, -40.3639, -1.58855, 
114.749, -40.1739, -1.78436, 
114.785, -39.9989, -1.95412, 
114.819, -39.8663, -2.06973, 
114.853, -39.787, -2.10181, 
114.89, -39.7061, -2.13435, 
114.923, -39.6349, -2.1628, 
114.958, -39.6225, -2.09394, 
114.996, -39.6447, -1.96423, 
115.033, -39.6316, -1.8993, 
115.065, -39.6509, -1.79429, 
115.098, -39.7018, -1.63904, 
115.133, -39.7546, -1.4802, 
115.168, -39.265, -1.2039, 
115.202, 40.0297, -0.98766, 
115.24, 40.195, -0.752831, 
115.273, -40.3007, -0.518658, 
115.306, -40.4815, -0.158796, 
115.342, 40.6717, 0.212512, 
115.375, 40.8814, 0.50251, 
115.412, -41.0624, 0.84902, 
115.446, -41.313, 1.30737, 
115.48, 41.3315, 1.55329, 
115.517, 41.5738, 1.91758, 
115.549, 41.777, 2.08934, 
115.586, -41.9374, 2.37845, 
115.618, -42.0108, 2.69946, 
115.653, -42.091, 3.03795, 
115.689, -42.147, 3.27569, 
115.723, -42.1736, 3.40692, 
115.761, 42.3279, 3.64555, 
115.791, 42.4235, 3.75641, 
115.835, 42.6722, 3.912, 
115.862, 42.8901, 4.10182, 
115.895, 43.0593, 4.2073, 
115.933, 43.2486, 4.32606, 
115.966, 43.3171, 4.31213, 
116.002, 43.2979, 4.18503, 
116.034, 43.2643, 4.00401, 
116.069, 43.2516, 3.78393, 
116.106, 43.2857, 3.48497, 
116.137, 43.2181, 3.12404, 
116.173, 43.2256, 2.69647, 
116.207, 43.2111, 2.2465, 
116.242, 43.2355, 1.73829, 
116.277, 43.1948, 1.17099, 
116.311, -43.104, 0.594184, 
116.347, -43.0309, -0.0352716, 
116.381, -42.9845, -0.641383, 
116.416, -42.9732, -1.28946, 
116.453, -42.938, -1.9855, 
116.485, -42.9703, -2.59003, 
116.519, -43.0128, -3.2296, 
116.555, -42.9879, -3.89888, 
116.59, -43.168, -4.55938, 
116.625, -43.2531, -5.20153, 
116.658, -43.3806, -5.79613, 
116.694, -43.5276, -6.42765, 
116.728, -43.6699, -7.01297, 
116.762, -43.8608, -7.58742, 
116.798, -44.1614, -8.15607, 
116.832, -44.3863, -8.6779, 
116.866, -44.66, -9.18477, 
116.901, -44.9359, -9.69246, 
116.936, -45.2593, -10.1757, 
116.975, -45.6824, -10.701, 
117.006, -46.1193, -11.0868, 
117.041, -46.6089, -11.5269, 
117.077, -47.1992, -11.8984, 
117.111, -47.7473, -12.2406, 
117.149, -48.4812, -12.5757, 
117.182, -49.1322, -12.8145, 
117.217, -49.897, -13.0127, 
117.249, -50.5477, -13.1741, 
117.285, 50.4035, -13.7521, 
117.322, 51.1999, -13.7431, 
117.354, 51.8626, -13.7211, 
117.39, 52.4862, -13.5659, 
117.424, 52.8923, -13.2002, 
117.462, 53.2545, -12.5309, 
117.494, 53.4117, -11.9006, 
117.527, 53.4252, -11.0804, 
117.563, 53.2028, -10.4227, 
117.596, 52.9417, -9.49759, 
117.633, -52.5207, -8.46776, 
117.668, -52.0469, -7.2808, 
117.702, -51.4659, -6.10622, 
117.735, -50.8948, -4.84244, 
117.77, -50.314, -3.57034, 
117.806, -49.6697, -2.20789, 
117.844, -49.0501, -0.587233, 
117.875, -48.5752, 0.696396, 
117.909, -48.0644, 2.06113, 
117.944, -47.6564, 3.53963, 
117.978, -47.2926, 4.93878, 
118.014, -47.032, 6.51235, 
118.047, -46.8789, 7.79345, 
118.085, -46.7384, 9.19173, 
118.117, -46.6458, 10.3184, 
118.154, -46.6097, 11.4847, 
118.188, -46.5951, 12.525, 
118.221, -46.5962, 13.4667, 
118.256, -46.5407, 14.2355, 
118.29, -46.4958, 14.961, 
118.33, -46.5831, 15.9037, 
118.362, -46.6592, 16.6208, 
118.396, -46.7463, 17.3591, 
118.432, -46.8832, 18.07, 
118.464, -46.9634, 18.583, 
118.499, -47.1319, 19.1611, 
118.535, -47.3059, 19.7386, 
118.57, -47.4709, 20.27, 
118.603, -47.6807, 20.7955, 
118.639, -48.0113, 21.3633, 
118.673, -48.3183, 21.8833, 
118.707, -48.5163, 22.2273, 
118.741, -48.714, 22.5678, 
118.775, -48.9037, 22.8918, 
118.81, -49.1587, 23.2639, 
118.846, -49.5145, 23.6378, 
118.882, -49.7504, 23.8528, 
118.917, -49.9697, 24.0529, 
118.948, -50.1616, 24.2281, 
118.984, -50.3728, 24.4211, 
119.019, 32.1784, 24.7232, 
119.054, -51.1402, 24.9478, 
119.089, -51.4284, 25.1018, 
119.122, 51.7318, 25.3008, 
119.158, 51.9482, 25.377, 
119.191, 52.2884, 25.4888, 
119.228, 52.4869, 25.5609, 
119.261, -52.7526, 25.7472, 
119.295, -52.8647, 25.8828, 
119.331, -52.8636, 25.872, 
119.365, 52.9109, 25.7904, 
119.405, 53.0194, 25.6147, 
119.435, 53.096, 25.4906, 
119.471, 23.8397, 25.3306, 
119.507, -53.1309, 25.263, 
119.539, 53.0592, 25.0828, 
119.578, 53.0912, 24.8655, 
119.609, 53.0616, 24.641, 
119.645, -53.0288, 24.3866, 
119.679, 52.9571, 24.2212, 
119.713, 52.7736, 23.9297, 
119.749, 52.5126, 23.4546, 
119.782, 52.3915, 23.1423, 
119.815, -52.2512, 22.8574, 
119.85, -51.8771, 22.3666, 
119.889, 51.4947, 21.809, 
119.923, 51.196, 21.3218, 
119.956, 51.0474, 20.8972, 
119.99, -50.7737, 20.4207, 
120.025, 50.4157, 19.9374, 
120.06, 50.1519, 19.4907, 
120.096, 49.8521, 18.9591, 
120.131, -49.5066, 18.4324, 
120.165, 43.4325, 17.9, 
120.199, 48.7696, 17.4211, 
120.233, 48.3214, 16.8088, 
120.27, -47.9738, 16.2754, 
120.303, -47.5483, 15.7558, 
120.337, 47.111, 15.2186, 
120.374, 46.687, 14.6135, 
120.407, 46.3085, 14.0477, 
120.444, -45.9354, 13.4587, 
120.476, -45.6824, 13.0506, 
120.513, 45.1584, 12.419, 
120.547, 44.8518, 11.9532, 
120.58, -44.4351, 11.3844, 
120.62, -44.1057, 10.8679, 
120.65, -43.8114, 10.4977, 
120.685, -43.3934, 9.98294, 
120.719, 43.1172, 9.54761, 
120.754, 42.7437, 9.01087, 
120.791, 42.3752, 8.47438, 
120.824, -42.061, 8.01117, 
120.86, -41.7337, 7.57419, 
120.894, -41.4131, 7.16789, 
120.929, 41.0554, 6.7153, 
120.964, 40.7783, 6.2802, 
121.001, 40.4937, 5.82678, 
121.032, -40.2652, 5.45769, 
121.066, -39.9429, 5.04629, 
121.102, -39.6218, 4.63287, 
121.137, -39.3207, 4.24213, 
121.17, 39.0221, 3.86294, 
121.204, 38.8641, 3.51088, 
121.24, -38.671, 3.15711, 
121.273, -38.4199, 2.82555, 
121.31, -38.1077, 2.47614, 
121.344, -37.8727, 2.15909, 
121.38, 0.922844, 1.7889, 
121.412, 37.4029, 1.48296, 
121.447, 37.2763, 1.20139, 
121.485, -37.0598, 0.877571, 
121.516, -36.9251, 0.685773, 
121.551, -36.7794, 0.476845, 
121.586, -36.5158, 0.20006, 
121.623, -36.3071, -0.0949275, 
121.657, -36.1229, -0.357796, 
121.69, -35.9284, -0.634206, 
121.725, -35.7779, -0.856521, 
121.76, -35.6736, -1.01914, 
121.794, -35.5785, -1.16831, 
121.836, -35.4659, -1.34628, 
121.865, -35.4337, -1.40457, 
121.898, -35.3506, -1.47753, 
121.934, -35.3152, -1.54495, 
121.968, -35.3092, -1.5679, 
122.005, -35.2467, -1.60168, 
122.038, -35.1604, -1.65263, 
122.072, -35.1881, -1.62903, 
122.108, -35.2158, -1.60538, 
122.141, -35.2992, -1.49193, 
122.178, -35.389, -1.37043, 
122.21, -35.4961, -1.2176, 
122.247, -35.5793, -1.10624, 
122.282, -35.7203, -0.898824, 
122.316, 35.8572, -0.698969, 
122.352, -35.997, -0.496422, 
122.387, -36.1309, -0.303735, 
122.419, -36.231, -0.0222766, 
122.456, -36.4402, 0.284884, 
122.489, -36.6275, 0.557204, 
122.527, -36.8281, 0.846053, 
122.559, -36.9988, 1.08972, 
122.593, 37.1707, 1.33322, 
122.63, 37.2691, 1.45975, 
122.663, -37.3909, 1.62478, 
122.701, -37.6619, 2.02333, 
122.733, 37.4254, 2.34383, 
122.768, 37.9923, 2.48695, 
122.802, -38.167, 2.63897, 
122.837, -38.275, 2.87605, 
122.875, -38.3524, 3.16595, 
122.905, -38.3496, 3.27721, 
122.939, -38.4856, 3.44598, 
122.974, 38.6153, 3.60643, 
123.011, 38.7496, 3.77219, 
123.046, -38.8321, 3.8645, 
123.078, -38.8158, 3.9586, 
123.114, -38.7979, 4.06299, 
123.147, 38.9119, 4.19403, 
123.183, 39.0668, 4.29292, 
123.219, -39.1387, 4.36654, 
123.252, -39.212, 4.52354, 
123.287, -39.2906, 4.69044, 
123.323, 39.4278, 4.76936, 
123.357, -39.5569, 4.84409, 
123.392, -39.5694, 4.84068, 
123.426, 39.6613, 4.94934, 
123.46, 39.7798, 5.01693, 
