#ssr105
time, distance, theta, 
0, 1.28422, -0.277944, 
0.350272, 1.28436, -0.266599, 
0.45532, 1.11901, -0.260927, 
0.565695, 1.11901, -0.260927, 
0.660859, 1.11916, -0.249582, 
0.701031, 1.11932, -0.238237, 
0.800832, 1.11932, -0.238237, 
0.904273, 1.11948, -0.226893, 
0.940753, 1.11965, -0.215548, 
1.04332, 1.11965, -0.215548, 
1.08067, 0.993707, -0.209876, 
1.18224, 1.11983, -0.204204, 
1.21833, 1.11983, -0.204204, 
1.32044, 0.993888, -0.198531, 
1.35773, 1.12001, -0.192859, 
1.4593, 0.994078, -0.187187, 
1.49477, 0.994078, -0.187187, 
1.52942, 0.994078, -0.187187, 
1.63256, 0.994277, -0.175842, 
1.66817, 0.994486, -0.164497, 
1.70299, 0.994486, -0.164497, 
1.80649, 0.894719, -0.158825, 
1.84209, 0.894719, -0.158825, 
1.87823, 0.894946, -0.14748, 
1.97996, 0.894946, -0.14748, 
2.08543, 0.813557, -0.141808, 
2.12147, 0.813557, -0.141808, 
2.22462, 0.813557, -0.141808, 
2.32773, 0.813557, -0.141808, 
2.36583, 0.813557, -0.141808, 
2.46721, 0.745631, -0.136136, 
2.57029, 0.715652, -0.1333, 
2.67523, 0.745888, -0.124791, 
2.71343, 0.745888, -0.124791, 
2.81296, 0.745888, -0.124791, 
2.84818, 0.745888, -0.124791, 
2.88327, 0.687904, -0.130463, 
2.9862, 0.687904, -0.130463, 
3.02178, 0.638115, -0.124791, 
3.05692, 0.59464, -0.119119, 
3.16056, 0.59464, -0.119119, 
3.19583, 0.59464, -0.119119, 
3.23119, 0.59464, -0.119119, 
3.3349, 0.521852, -0.119119, 
3.43948, 0.521852, -0.119119, 
3.54351, 0.521852, -0.119119, 
3.64705, 0.490939, -0.124791, 
3.68313, 0.437838, -0.124791, 
3.7843, 0.437838, -0.124791, 
3.82062, 0.437838, -0.124791, 
4.35662, 3.92515, 0.87921, 
4.44333, 2.46217, 0.896227, 
4.47753, 1.11424, 0.873537, 
4.51227, 1.11424, 0.873537, 
4.54691, 1.11424, 0.873537, 
4.58312, 0.888386, 0.862193, 
4.61969, 3.92527, 0.85652, 
4.72116, 3.92545, 0.822486, 
4.76061, 1.8559, 0.890554, 
4.86033, 1.50917, 0.884882, 
4.89556, 0.988232, 0.867865, 
4.93123, 2, 0, 
5.03344, 2, 0, 
5.06994, 2.46217, 0.896227, 
5.10777, 2, 0, 
5.21786, 2, 0, 
5.31131, 2, 0, 
5.34727, 1.8559, 0.890554, 
5.38122, 3.92527, 0.85652, 
5.48504, 2, 0, 
5.52034, 3.92895, -0.346012, 
5.555, 3.92551, 0.811142, 
5.65918, 3.9251, 0.890554, 
5.6947, 2.46217, 0.896227, 
5.72913, 2, 0, 
5.83237, 6.17096, 0.81965, 
5.93609, 2.99447, 0.887718, 
5.97175, 2.46217, 0.896227, 
6.00674, 3.92504, 0.901899, 
6.10984, 2, 0, 
6.14527, 2, 0, 
6.18046, 2, 0, 
6.28258, 3.92533, 0.845176, 
6.31851, 3.92558, -0.799797, 
6.35438, 6.17072, 0.865029, 
6.45826, 6.17773, -0.127627, 
6.4952, 6.17165, -0.700532, 
6.59736, 2, 0, 
6.6996, 2, 0, 
6.73708, 2, 0, 
6.83977, 2, 0, 
6.87462, 2, 0, 
6.97906, 2, 0, 
7.08133, 6.17112, -0.791289, 
7.11876, 3.92583, 0.754419, 
7.72232, 2, 0, 
7.81, 2, 0, 
7.84481, 3.92617, 0.697695, 
7.88182, 6.17069, 0.870701, 
7.98444, 3.9261, 0.70904, 
8.02105, 2, 0, 
8.12388, 2, 0, 
8.15818, 6.17096, 0.81965, 
8.19378, 2, 0, 
8.30001, 2, 0, 
8.39998, 2, 0, 
8.43535, 2, 0, 
8.47256, 2, 0, 
8.57336, 2, 0, 
8.60921, 2, 0, 
8.64434, 2, 0, 
8.74692, 2, 0, 
8.78226, 2, 0, 
8.81798, 2, 0, 
8.92044, 2, 0, 
8.95611, 3.9261, 0.70904, 
8.99382, 2, 0, 
9.09606, 2, 0, 
9.13187, 2, 0, 
9.23621, 6.17052, -0.904735, 
9.33707, 6.17112, -0.791289, 
9.37293, 6.17105, 0.802633, 
9.40751, 2, 0, 
9.5109, 2.46317, 0.714712, 
9.54699, 2, 0, 
9.65092, 3.92558, 0.799797, 
9.68596, 2.46317, 0.714712, 
9.78949, 2.46317, 0.714712, 
9.82668, 3.92504, 0.901899, 
9.9271, 2.46217, 0.896227, 
9.96432, 3.92558, -0.799797, 
10.0697, 2.46228, 0.873537, 
10.1706, 2.46222, 0.884882, 
10.2129, 2, 0, 
10.3085, 2.4624, 0.850848, 
10.3441, 2.46217, 0.896227, 
10.3792, 3.92515, 0.87921, 
10.4477, 3.92558, 0.799797, 
10.552, 2, 0, 
10.5876, 2, 0, 
10.6212, 6.17112, -0.791289, 
10.7251, 2, 0, 
10.761, 2, 0, 
10.7945, 2, 0, 
10.8994, 2, 0, 
10.9333, 2, 0, 
10.9715, 2, 0, 
11.0717, 2, 0, 
11.1055, 2, 0, 
11.1408, 2, 0, 
11.176, 2, 0, 
11.2214, 2, 0, 
11.319, 3.9251, 0.890554, 
11.4196, 6.17075, -0.859356, 
11.4552, 6.17055, 0.899063, 
11.4901, 3.92504, -0.901899, 
11.5581, 3.92849, 0.39139, 
11.663, 3.92617, 0.697695, 
11.6984, 3.92617, 0.697695, 
11.7325, 3.92521, 0.867865, 
11.8357, 3.9286, 0.380045, 
11.872, 3.9251, 0.890554, 
11.9745, 6.17052, 0.904735, 
12.0102, 3.92504, 0.901899, 
12.0445, 3.9251, 0.890554, 
12.148, 3.92676, 0.606938, 
12.1836, 2, 0, 
12.2209, 2, 0, 
12.3224, 2, 0, 
12.3584, 3.93087, 0.198531, 
12.463, 3.92691, -0.584249, 
12.5661, 2, 0, 
12.6057, 6.17219, -0.615447, 
12.7049, 6.17223, -0.609774, 
12.7405, 6.1706, 0.887718, 
12.8431, 3.93192, 0.141808, 
12.8783, 2.4689, 0.14748, 
12.9134, 3.93147, 0.164497, 
13.0163, 3.92504, -0.901899, 
13.0515, 2.46367, -0.6353, 
13.0865, 3.92646, -0.652317, 
13.19, 2, 0, 
13.2256, 2, 0, 
13.3274, 2, 0, 
13.4323, 3.92631, -0.675006, 
13.4685, 3.92631, -0.675006, 
13.5714, 3.92668, 0.618283, 
13.6075, 2.99445, 0.89339, 
13.7113, 6.17058, 0.89339, 
13.8153, 2, 0, 
13.8482, 3.92646, -0.652317, 
13.8859, 6.17063, -0.882046, 
13.989, 0.988232, 0.867865, 
14.0933, 1.27964, 0.87921, 
14.1967, 3.92504, 0.901899, 
14.7339, 1.86384, 0.0964294, 
14.8204, 2.47066, 0.0794125, 
14.8596, 1.86456, 0.0737402, 
14.9601, 1.86456, 0.0737402, 
14.9943, 1.86456, 0.0737402, 
15.0322, 1.86499, 0.0623955, 
15.1324, 1.51846, 0.0567232, 
15.1686, 1.86548, 0.0510509, 
15.2121, 1.86607, 0.0397062, 
15.3064, 1.86607, 0.0397062, 
15.4101, 1.51965, 0.0340339, 
15.4463, 1.51965, 0.0340339, 
15.4807, 1.51965, 0.0340339, 
15.5841, 1.86681, 0.0283616, 
15.6199, 1.52051, 0.0226893, 
15.7224, 1.52051, 0.0226893, 
15.761, 1.52051, 0.0226893, 
15.8646, 1.29151, 0.017017, 
15.9693, 1.52051, 0.0226893, 
16.0708, 1.52051, 0.0226893, 
16.1758, 1.29151, 0.017017, 
16.2798, 1.29151, 0.017017, 
16.3824, 1.29151, 0.017017, 
16.4214, 1.29151, 0.017017, 
16.5224, 1.29151, 0.017017, 
16.5575, 1.12681, 0.0113446, 
16.6605, 1.12681, 0.0113446, 
16.6965, 1.12681, 0.0113446, 
16.7995, 1.12681, 0.0113446, 
16.8357, 1.12681, 0.0113446, 
16.9391, 1.12681, 0.0113446, 
17.0416, 1.12681, 0.0113446, 
17.0777, 1.00005, 0.017017, 
17.1807, 1.00005, 0.017017, 
17.2237, 1.00005, 0.017017, 
17.3195, 0.900903, 0.0113446, 
17.3555, 0.900903, 0.0113446, 
17.4604, 0.818662, 0.017017, 
17.5624, 0.818662, 0.017017, 
17.5976, 0.818662, 0.017017, 
17.6334, 0.751347, 0.0113446, 
17.7377, 0.69276, 0.017017, 
17.8404, 0.69276, 0.017017, 
17.8755, 0.642279, 0.0226893, 
17.9104, 0.642279, 0.0226893, 
18.0139, 0.599229, 0.017017, 
18.05, 0.56017, 0.0226893, 
18.1523, 0.525421, 0.0283616, 
18.1892, 0.467849, 0.017017, 
18.2927, 0.443296, 0.0113446, 
18.3962, 0.443296, 0.0113446, 
18.4308, 0.380503, 0.00567232, 
18.5343, 0.36912, 0, 
18.5718, 0.315196, -0.00567232, 
18.6734, 0.300339, -0.0113446, 
18.7103, 0.261285, 0.0397062, 
18.8137, 0.218263, 0.119119, 
18.9193, 0.182557, 0.277944, 
19.5234, 2, 0, 
20.1097, 2.46323, 0.703368, 
20.1991, 1.51046, 0.657989, 
20.2348, 1.51054, 0.646644, 
20.2704, 1.511, 0.578577, 
20.3735, 2.46474, 0.48782, 
20.4773, 2.46483, 0.476475, 
20.5144, 3.92839, 0.402735, 
20.6162, 2, 0, 
20.6507, 3.92895, 0.346012, 
20.6875, 2, 0, 
20.7888, 2, 0, 
20.8279, 2, 0, 
20.9299, 2.46998, 0.102102, 
21.0327, 6.17915, 0.0765763, 
21.0683, 3.0048, 0.0368701, 
21.1714, 2.47486, -0.0113446, 
21.2081, 2.47152, -0.0567232, 
21.3102, 2.47066, -0.0794125, 
21.4144, 2.46998, -0.102102, 
21.4515, 2.11738, -0.11061, 
21.5533, 2.1171, -0.121955, 
21.5904, 1.12135, -0.124791, 
21.6933, 2.46998, -0.102102, 
21.7277, 1.28665, -0.130463, 
21.7618, 1.28595, -0.164497, 
21.8657, 1.86186, -0.187187, 
21.9003, 0.993707, -0.209876, 
22.0037, 1.11965, -0.215548, 
22.0398, 1.11948, -0.226893, 
22.0756, 0.893098, -0.260927, 
22.1772, 0.893098, -0.260927, 
22.2147, 0.89267, -0.294961, 
22.3159, 0.892535, -0.306305, 
22.3527, 0.892278, -0.328995, 
22.4549, 0.892278, -0.328995, 
22.4908, 0.810709, -0.334667, 
22.5262, 0.892155, -0.340339, 
22.6295, 0.810587, -0.346012, 
22.6645, 0.810587, -0.346012, 
22.7016, 0.742479, -0.351684, 
22.8021, 0.684566, -0.357356, 
22.8391, 0.68445, -0.368701, 
22.9444, 0.634361, -0.385718, 
23.0452, 0.634361, -0.385718, 
23.0805, 0.634252, -0.397062, 
23.1164, 0.551932, -0.419752, 
23.2188, 0.590277, -0.436769, 
23.2538, 0.55173, -0.442441, 
23.2897, 0.486373, -0.476475, 
23.3922, 0.445553, -0.484983, 
23.4284, 0.421348, -0.490656, 
23.4646, 0.388491, -0.533198, 
23.566, 0.368793, -0.550215, 
23.605, 0.31771, -0.612611, 
23.7063, 0.302637, -0.675006, 
23.809, 0.288715, -0.703368, 
23.8454, 0.275496, -0.754419, 
24.449, 2, 0, 
24.5385, 2, 0, 
24.5727, 6.17052, -0.904735, 
24.6765, 2, 0, 
24.7128, 2, 0, 
24.8147, 2, 0, 
24.8514, 2, 0, 
25.4591, 2, 0, 
25.5442, 2, 0, 
25.5782, 2, 0, 
25.6159, 3.92515, 0.87921, 
25.7217, 2, 0, 
25.8223, 3.92515, 0.87921, 
25.8591, 2, 0, 
25.9629, 2, 0, 
26.0646, 2, 0, 
26.0994, 2, 0, 
26.135, 2, 0, 
26.2383, 2, 0, 
26.2785, 2, 0, 
26.3764, 2, 0, 
26.4117, 3.9251, 0.890554, 
26.4465, 3.9251, 0.890554, 
26.5503, 6.17052, 0.904735, 
26.5858, 3.9251, 0.890554, 
26.6201, 3.92515, 0.87921, 
26.7236, 3.9251, 0.890554, 
26.7593, 2.4624, 0.850848, 
26.7936, 1.85596, 0.87921, 
26.8981, 2.46228, 0.873537, 
26.9329, 2.46228, 0.873537, 
26.9685, 3.92539, 0.833831, 
27.072, 2, 0, 
27.1062, 2.99528, -0.740238, 
27.1408, 6.17109, 0.796961, 
27.2451, 2, 0, 
27.2796, 0.988232, 0.867865, 
27.3149, 0.888386, 0.862193, 
27.4205, 2.99442, 0.899063, 
27.5218, 1.11424, 0.873537, 
28.1273, 2, 0, 
28.2169, 2, 0, 
28.2521, 2, 0, 
28.3548, 3.92839, 0.402735, 
28.401, 2, 0, 
28.4991, 2, 0, 
28.5972, 2, 0, 
28.6341, 2, 0, 
28.6694, 2, 0, 
28.7705, 2, 0, 
28.8076, 2, 0, 
28.8469, 2, 0, 
28.9443, 2, 0, 
28.9795, 2, 0, 
29.0144, 2, 0, 
29.1176, 3.93338, 0.0850848, 
29.1529, 2, 0, 
29.1889, 2, 0, 
29.2923, 6.17896, 0.0822486, 
29.3292, 3.93338, 0.0850848, 
29.4323, 2, 0, 
29.5347, 2.47066, 0.0794125, 
29.5705, 6.17935, 0.070904, 
29.674, 2, 0, 
29.71, 3.93087, 0.198531, 
30.3134, 2, 0, 
30.404, 2, 0, 
30.4377, 2, 0, 
30.4753, 3.92504, -0.901899, 
30.5764, 2, 0, 
30.6132, 2, 0, 
30.7158, 2, 0, 
30.7495, 2, 0, 
30.7848, 2, 0, 
30.8889, 2, 0, 
30.9237, 2, 0, 
30.9576, 2, 0, 
31.0644, 2, 0, 
31.1664, 2, 0, 
31.2, 2, 0, 
31.2341, 2, 0, 
31.2709, 6.17052, -0.904735, 
31.3067, 2, 0, 
31.4081, 2, 0, 
31.447, 2, 0, 
31.5488, 2, 0, 
31.5823, 2, 0, 
31.6212, 2, 0, 
31.7212, 2, 0, 
31.7562, 2, 0, 
31.7912, 2, 0, 
31.8943, 2, 0, 
31.9311, 2, 0, 
32.0341, 2, 0, 
32.0686, 3.92597, 0.731729, 
32.1042, 2, 0, 
32.2082, 2, 0, 
32.2423, 2, 0, 
32.2799, 2, 0, 
32.3813, 2, 0, 
32.4167, 3.92504, -0.901899, 
32.4515, 3.92515, -0.87921, 
32.554, 2, 0, 
32.5892, 3.93376, 0.0737402, 
32.6256, 2, 0, 
32.7283, 2, 0, 
32.764, 6.17075, -0.859356, 
32.8689, 2, 0, 
32.9721, 2, 0, 
33.0742, 3.93703, -0.017017, 
33.1785, 2, 0, 
33.2149, 1.86783, -0.017017, 
33.2496, 3.93703, -0.017017, 
33.3528, 6.1806, -0.0425424, 
33.3911, 2, 0, 
33.491, 2.47066, -0.0794125, 
33.5295, 2.47066, -0.0794125, 
33.6341, 3.92545, 0.822486, 
33.7345, 3.92597, 0.731729, 
33.769, 3.93217, -0.130463, 
33.8728, 3.93192, -0.141808, 
33.9095, 2.46914, -0.136136, 
34.012, 1.51609, -0.136136, 
34.0474, 1.86273, -0.141808, 
34.082, 1.86273, -0.141808, 
34.1853, 1.86273, -0.141808, 
34.2241, 1.86227, -0.164497, 
34.3269, 1.5154, -0.17017, 
34.4286, 1.5154, -0.17017, 
34.4634, 1.28574, -0.175842, 
34.4993, 1.86186, -0.187187, 
34.6019, 1.51501, -0.192859, 
34.6375, 1.51501, -0.192859, 
34.673, 1.28535, -0.198531, 
34.7749, 1.51482, -0.204204, 
34.8123, 1.28499, -0.22122, 
34.9154, 1.28499, -0.22122, 
34.9512, 1.28483, -0.232565, 
35.0525, 1.28467, -0.24391, 
35.0916, 1.11916, -0.249582, 
35.1928, 1.11901, -0.260927, 
35.296, 1.11901, -0.260927, 
35.3329, 0.992755, -0.277944, 
35.4365, 0.992614, -0.289288, 
35.5391, 0.992478, -0.300633, 
35.5744, 0.992346, -0.311978, 
35.6102, 0.892278, -0.328995, 
35.7123, 0.892278, -0.328995, 
35.7478, 0.892155, -0.340339, 
35.7825, 0.810468, -0.357356, 
35.8856, 0.810468, -0.357356, 
35.9217, 0.742361, -0.363028, 
35.9567, 0.742247, -0.374373, 
36.06, 0.742247, -0.374373, 
36.095, 0.684337, -0.380045, 
36.13, 0.684227, -0.39139, 
36.2332, 0.684119, -0.402735, 
36.2689, 0.634041, -0.419752, 
36.3745, 0.590277, -0.436769, 
36.4781, 0.55173, -0.442441, 
36.5805, 0.517391, -0.448113, 
36.6157, 0.517391, -0.448113, 
36.6518, 0.458512, -0.482147, 
36.7543, 0.388756, -0.499164, 
36.8585, 0.378754, -0.502, 
36.8946, 0.350976, -0.510509, 
36.9967, 0.36905, -0.516181, 
37.0323, 0.334011, -0.527526, 
37.0682, 0.264535, -0.567232, 
37.1712, 0.221827, -0.612611, 
37.777, 1.28132, -0.595594, 
37.8642, 0.807947, -0.675006, 
37.9684, 0.807947, -0.675006, 
38.0044, 0.808091, -0.652317, 
38.6076, 0.741049, 0.510509, 
38.6968, 0.740706, 0.555887, 
38.7319, 0.740706, 0.555887, 
38.767, 0.741049, 0.510509, 
38.87, 0.683331, 0.493492, 
38.9061, 0.74123, 0.48782, 
38.9417, 0.741612, 0.442441, 
39.0433, 0.741815, 0.419752, 
39.0788, 0.684119, 0.402735, 
39.1137, 0.684566, 0.357356, 
39.2173, 1.11819, 0.328995, 
39.2525, 0.684685, 0.346012, 
39.2869, 0.635075, 0.31765, 
39.3912, 0.68506, 0.311978, 
39.4283, 0.685469, 0.277944, 
39.5313, 0.592233, 0.255254, 
39.6345, 0.635921, 0.249582, 
39.6686, 0.636242, 0.226893, 
39.7065, 0.554862, 0.181514, 
39.807, 0.555066, 0.17017, 
39.846, 0.556006, 0.124791, 
39.9469, 0.491215, 0.113446, 
39.9812, 0.49184, 0.0907571, 
40.0194, 0.465501, 0.0510509, 
40.1198, 0.441148, 0.0340339, 
40.1554, 0.443296, 0.0113446, 
40.1929, 0.39767, -0.0226893, 
40.2938, 0.396816, -0.0340339, 
40.3293, 0.357477, -0.0680678, 
40.4329, 0.357075, -0.0794125, 
40.4681, 0.309049, -0.107774, 
40.5713, 0.282387, -0.107774, 
40.6088, 0.247204, -0.136136, 
40.7108, 0.217514, -0.153153, 
41.3159, 2, 0, 
41.4027, 2, 0, 
41.4364, 2, 0, 
41.4709, 2, 0, 
41.5062, 2, 0, 
41.5414, 2, 0, 
41.5762, 6.17078, 0.853684, 
41.6138, 2, 0, 
41.7198, 2, 0, 
41.8194, 2, 0, 
41.8557, 2, 0, 
41.9594, 2, 0, 
41.9967, 3.92504, -0.901899, 
42.0989, 2, 0, 
42.2038, 2, 0, 
42.3053, 3.92504, 0.901899, 
42.3409, 3.92504, 0.901899, 
42.3764, 6.17165, -0.700532, 
42.4816, 2, 0, 
42.5848, 2, 0, 
42.6198, 2, 0, 
42.7236, 6.17118, -0.779944, 
42.7597, 6.17099, -0.813978, 
42.8613, 2, 0, 
42.8983, 6.17075, -0.859356, 
43.0009, 3.92527, -0.85652, 
43.0354, 3.92504, -0.901899, 
43.1396, 2, 0, 
43.1805, 2, 0, 
43.2768, 2, 0, 
43.3113, 2, 0, 
43.3467, 2, 0, 
43.383, 2, 0, 
43.4865, 3.92533, 0.845176, 
43.5235, 2, 0, 
43.6246, 6.17087, -0.836667, 
43.7289, 6.17075, -0.859356, 
43.7656, 2, 0, 
43.8668, 3.92504, -0.901899, 
43.9031, 2, 0, 
44.0086, 3.92515, 0.87921, 
44.0437, 3.92504, 0.901899, 
44.1449, 3.92504, 0.901899, 
44.1838, 2, 0, 
44.284, 3.92564, 0.788452, 
44.3192, 2, 0, 
44.3552, 2, 0, 
44.4573, 2, 0, 
44.4941, 2, 0, 
44.5962, 2.46252, 0.828159, 
44.6318, 1.8559, 0.890554, 
44.667, 2, 0, 
45.2704, 1.85697, 0.697695, 
45.3637, 1.85726, 0.652317, 
45.4649, 1.85748, 0.618283, 
45.4997, 1.85764, 0.595594, 
45.5385, 1.5115, 0.510509, 
45.6379, 1.51178, 0.476475, 
45.6747, 1.85941, 0.380045, 
45.7765, 2.11359, 0.35452, 
45.8112, 1.86, 0.323322, 
45.8458, 1.86115, 0.232565, 
45.9506, 1.86149, 0.209876, 
45.9848, 1.5152, 0.181514, 
46.0198, 1.50917, 0.884882, 
46.1252, 1.86456, 0.0737402, 
46.2272, 1.6719, 0.053887, 
46.2624, 1.86607, 0.0397062, 
46.2978, 1.52051, 0.0226893, 
46.332, 1.5218, 0.0113446, 
46.367, 1.86681, -0.0283616, 
46.47, 1.519, -0.0453786, 
46.5053, 1.51846, -0.0567232, 
46.5403, 1.67082, -0.0822486, 
46.6447, 1.51725, -0.0907571, 
46.679, 1.51692, -0.102102, 
46.7229, 1.66986, -0.116283, 
46.8215, 1.86297, -0.130463, 
46.9212, 1.66909, -0.150316, 
47.0256, 1.86249, -0.153153, 
47.0629, 1.86227, -0.164497, 
47.1651, 2.11614, -0.167333, 
47.2008, 2.11594, -0.178678, 
47.3048, 1.86186, -0.187187, 
47.4072, 2.46846, -0.17017, 
47.4421, 2.46846, -0.17017, 
47.4762, 1.86186, -0.187187, 
47.5822, 2.46846, -0.17017, 
47.6172, 1.66846, -0.18435, 
47.7196, 1.66846, -0.18435, 
47.7623, 1.86206, -0.175842, 
47.8589, 1.66866, -0.173006, 
47.8933, 1.86227, -0.164497, 
47.93, 1.86227, -0.164497, 
48.032, 1.86249, -0.153153, 
48.0676, 1.86249, -0.153153, 
48.1043, 1.86273, -0.141808, 
48.2103, 1.86273, -0.141808, 
48.3097, 1.51609, -0.136136, 
48.3484, 1.51609, -0.136136, 
48.4492, 1.51609, -0.136136, 
48.4841, 1.86297, -0.130463, 
48.523, 1.86311, -0.124791, 
48.6223, 1.86324, -0.119119, 
48.6576, 1.86324, -0.119119, 
48.693, 2.46968, -0.113446, 
48.7956, 2.4703, -0.0907571, 
48.8312, 3.93527, -0.0397062, 
48.8667, 2.47066, -0.0794125, 
48.9688, 2.47066, -0.0794125, 
49.0041, 3.93376, -0.0737402, 
49.0395, 3.93418, -0.0623955, 
49.1422, 2.47106, -0.0680678, 
49.1783, 2.47152, -0.0567232, 
49.2142, 2.47152, -0.0567232, 
49.3158, 2.47152, -0.0567232, 
49.3526, 1.86548, -0.0510509, 
49.4563, 1.519, -0.0453786, 
49.5596, 1.86607, -0.0397062, 
49.5938, 1.86607, -0.0397062, 
49.6306, 1.86607, -0.0397062, 
49.7325, 1.86607, -0.0397062, 
49.7679, 1.86607, -0.0397062, 
49.8026, 1.86607, -0.0397062, 
49.9063, 1.51965, -0.0340339, 
49.9417, 1.51965, -0.0340339, 
49.9772, 1.51965, -0.0340339, 
50.08, 1.51965, -0.0340339, 
50.1156, 1.52051, -0.0226893, 
50.1511, 1.52051, -0.0226893, 
50.2527, 1.52051, -0.0226893, 
50.2885, 1.52051, -0.0226893, 
50.324, 1.52051, -0.0226893, 
50.427, 1.29151, -0.017017, 
50.5309, 1.29151, -0.017017, 
50.5674, 1.29151, -0.017017, 
50.67, 1.12681, -0.0113446, 
50.7053, 1.29335, -0.00567232, 
50.7424, 1.13466, 0, 
50.8425, 1.13466, 0, 
50.8785, 1.00189, 0.00567232, 
50.9132, 1.12681, 0.0113446, 
51.0182, 1.29151, 0.017017, 
51.1215, 1.29049, 0.0283616, 
51.1572, 1.29049, 0.0283616, 
51.2602, 1.51965, 0.0340339, 
51.2975, 1.51965, 0.0340339, 
51.398, 1.12466, 0.0340339, 
51.5027, 1.29049, 0.0283616, 
51.5385, 0.999024, 0.0283616, 
52.0735, 3.92521, 0.867865, 
52.1613, 1.8559, 0.890554, 
52.1966, 1.8559, 0.890554, 
52.2347, 2.46252, 0.828159, 
52.336, 2.46217, 0.896227, 
52.371, 1.11424, 0.873537, 
52.4077, 0.739258, 0.78278, 
52.5097, 0.772044, 0.74591, 
52.545, 0.656519, 0.626791, 
52.6479, 0.589117, 0.584249, 
52.6864, 0.590178, 0.448113, 
52.7877, 0.635075, 0.31765, 
52.8912, 0.635621, 0.272271, 
52.9289, 0.594373, 0.130463, 
53.0305, 0.639016, 0.0907571, 
53.0654, 0.642279, -0.0226893, 
53.1685, 0.639777, -0.0680678, 
53.2057, 0.593669, -0.164497, 
53.3074, 0.593261, -0.187187, 
53.3425, 0.554305, -0.215548, 
53.3772, 0.55366, -0.260927, 
53.4804, 0.591938, -0.277944, 
53.5162, 0.591798, -0.289288, 
53.5515, 0.552967, -0.31765, 
53.6536, 0.552596, -0.351684, 
53.7581, 0.552596, -0.351684, 
53.7957, 0.502145, -0.388554, 
53.8987, 0.458898, -0.436769, 
54.0031, 0.433179, -0.48782, 
54.107, 0.432655, -0.555887, 
54.2217, 0.377925, -0.615447, 
54.3176, 0.349718, -0.692023, 
54.4188, 0.31699, -0.726057, 
54.4536, 0.302158, -0.754419, 
54.4893, 0.386812, -0.794125, 
54.5911, 0.587595, -0.833831, 
54.6962, 0.681065, -0.845176, 
54.7308, 0.888386, -0.862193, 
54.7683, 2.46217, -0.896227, 
54.8686, 2.99442, -0.899063, 
54.9077, 2, 0, 
55.007, 2, 0, 
55.0421, 2, 0, 
55.0779, 2, 0, 
55.18, 2, 0, 
55.2187, 2, 0, 
55.3198, 2, 0, 
55.3545, 2, 0, 
55.3895, 2, 0, 
55.4934, 2, 0, 
55.5284, 2, 0, 
55.5634, 2, 0, 
55.6681, 2, 0, 
55.7024, 2, 0, 
55.7369, 2, 0, 
55.8425, 3.92504, 0.901899, 
55.9471, 3.92551, 0.811142, 
56.0506, 1.50917, 0.884882, 
56.1544, 6.17052, -0.904735, 
56.2599, 2.46217, 0.896227, 
56.3651, 2, 0, 
56.4647, 2, 0, 
56.4995, 3.92646, -0.652317, 
56.5385, 2.46258, 0.816814, 
56.6408, 1.11424, 0.873537, 
56.7444, 3.92504, 0.901899, 
56.8482, 3.92564, -0.788452, 
56.9536, 3.9251, 0.890554, 
57.5593, 0.744948, 0.17017, 
57.6444, 0.745888, 0.124791, 
57.681, 0.688769, 0.0964294, 
57.7833, 0.639016, 0.0907571, 
57.8205, 0.595959, 0.0737402, 
57.9235, 0.639777, 0.0680678, 
57.9589, 0.558127, 0.0567232, 
58.0616, 0.524094, 0.0510509, 
58.0982, 0.524682, 0.0397062, 
58.2, 0.494249, 0.0340339, 
58.2374, 0.443296, 0.0113446, 
58.3398, 0.443296, 0.0113446, 
58.3754, 0.406811, 0, 
58.4809, 0.327457, -0.0226893, 
59.0845, 2.46217, 0.896227, 
59.1735, 2, 0, 
59.2761, 2.46217, 0.896227, 
59.311, 1.38416, 0.865029, 
59.415, 0.935855, 0.81965, 
59.4515, 0.988291, 0.85652, 
60.0546, 1.50917, 0.884882, 
60.1438, 2.46258, -0.816814, 
60.1784, 0.988232, 0.867865, 
60.2206, 1.50929, 0.862193, 
60.8196, 0.587595, 0.833831, 
60.9107, 0.457738, 0.584249, 
61.0113, 0.432824, 0.533198, 
61.0461, 0.410209, 0.470803, 
61.0825, 0.460853, 0.255254, 
61.185, 0.417693, 0.0397062, 
61.2886, 0.373554, -0.141808, 
61.3938, 0.391981, -0.204204, 
61.4293, 0.434196, -0.374373, 
61.5315, 0.410706, -0.414079, 
61.5681, 0.432998, -0.510509, 
61.6742, 0.432333, -0.601266, 
61.7778, 0.408882, -0.652317, 
61.8792, 0.408527, -0.70904, 
61.9834, 0.387203, -0.726057, 
62.0215, 0.349185, -0.78278, 
62.1234, 0.514868, -0.822486, 
62.227, 0.587595, -0.833831, 
62.3322, 1.50917, -0.884882, 
62.4357, 2.46217, -0.896227, 
62.5396, 2.46234, -0.862193, 
62.6419, 3.92515, -0.87921, 
62.6771, 3.92545, -0.822486, 
62.7119, 3.92545, -0.822486, 
62.8165, 2, 0, 
62.8504, 2.46222, -0.884882, 
62.8853, 2.46252, -0.828159, 
62.9932, 3.92504, -0.901899, 
63.094, 2, 0, 
63.1283, 3.92515, 0.87921, 
63.1679, 2, 0, 
63.2691, 2, 0, 
63.3715, 6.172, 0.643808, 
63.4746, 2, 0, 
63.5092, 2, 0, 
63.544, 2, 0, 
63.5992, 2.9958, 0.655153, 
63.6837, 3.92646, 0.652317, 
63.7196, 3.92646, 0.652317, 
63.8249, 3.92646, 0.652317, 
63.9269, 2.46352, 0.657989, 
63.9617, 3.92638, 0.663661, 
63.9985, 2, 0, 
64.0995, 6.1706, 0.887718, 
64.1395, 3.92653, 0.640972, 
64.2408, 2, 0, 
64.3418, 3.92558, 0.799797, 
64.377, 2, 0, 
64.4173, 3.92564, 0.788452, 
64.5158, 6.17063, 0.882046, 
64.5518, 6.17052, 0.904735, 
64.5882, 3.9266, 0.629628, 
64.6894, 2, 0, 
64.7248, 3.92676, 0.606938, 
64.7604, 3.92515, 0.87921, 
64.8647, 6.17066, 0.876373, 
64.9671, 3.92533, 0.845176, 
65.0063, 2, 0, 
65.1064, 3.92839, 0.402735, 
65.1415, 2, 0, 
65.1831, 3.92597, 0.731729, 
65.2795, 2, 0, 
65.3149, 2, 0, 
65.3499, 2, 0, 
65.453, 2, 0, 
65.4896, 6.17401, -0.388554, 
65.5958, 3.92988, 0.266599, 
65.6995, 2, 0, 
65.7997, 3.93192, 0.141808, 
65.9042, 3.93192, 0.141808, 
65.9421, 2, 0, 
66.0435, 2, 0, 
66.0787, 2, 0, 
66.1127, 2, 0, 
66.2166, 6.1767, 0.178678, 
66.2518, 6.1768, 0.173006, 
66.2882, 2, 0, 
66.3899, 6.1706, 0.887718, 
66.4272, 6.17276, -0.536034, 
66.5312, 2, 0, 
66.6327, 2, 0, 
66.6686, 2, 0, 
66.7039, 2, 0, 
66.8063, 2, 0, 
66.8421, 6.1706, 0.887718, 
66.8777, 2, 0, 
66.9798, 2, 0, 
67.0153, 3.92558, -0.799797, 
67.0522, 2, 0, 
67.154, 2, 0, 
67.6901, 2, 0, 
67.7776, 3.93527, 0.0397062, 
67.8149, 2, 0, 
67.918, 2, 0, 
67.9514, 2.47486, 0.0113446, 
67.9902, 2.47486, -0.0113446, 
68.0902, 2.47486, -0.0113446, 
68.1264, 2, 0, 
68.1626, 3.93601, -0.0283616, 
68.2649, 2, 0, 
68.2994, 2, 0, 
68.3346, 3.93272, -0.107774, 
68.4379, 3.93272, -0.107774, 
68.4736, 2.47271, -0.0340339, 
68.51, 6.17087, 0.836667, 
68.6108, 3.92504, -0.901899, 
68.6466, 3.92564, -0.788452, 
68.6843, 2.47152, -0.0567232, 
68.785, 2.47152, -0.0567232, 
68.8206, 1.86499, -0.0623955, 
68.8566, 1.86456, -0.0737402, 
68.9586, 3.93376, -0.0737402, 
68.9953, 1.86384, -0.0964294, 
69.0995, 1.86353, -0.107774, 
69.2015, 1.86324, -0.119119, 
69.2367, 1.86324, -0.119119, 
69.2726, 1.86297, -0.130463, 
69.375, 1.86273, -0.141808, 
69.4114, 1.51585, -0.14748, 
69.5148, 1.86249, -0.153153, 
69.5499, 1.86249, -0.153153, 
69.6526, 1.86227, -0.164497, 
69.7569, 3.93169, -0.153153, 
69.7933, 1.5154, -0.17017, 
69.8956, 2.46826, -0.181514, 
69.932, 2.46806, -0.192859, 
70.036, 2.46867, -0.158825, 
70.14, 2.4689, -0.14748, 
70.242, 2.46914, -0.136136, 
70.279, 1.51634, -0.124791, 
70.3832, 1.51662, -0.113446, 
70.4867, 1.51692, -0.102102, 
70.5211, 1.51692, -0.102102, 
70.5569, 2.47152, -0.0567232, 
70.6594, 1.5176, -0.0794125, 
70.6945, 2.47152, -0.0567232, 
70.7286, 1.28867, -0.0623955, 
70.8366, 1.519, -0.0453786, 
70.9399, 1.29151, -0.017017, 
71.0423, 1.29335, 0.00567232, 
71.1448, 1.29335, 0.00567232, 
71.1811, 1.51965, 0.0340339, 
71.2835, 1.28975, 0.0397062, 
71.3189, 1.28975, 0.0397062, 
71.3536, 1.28867, 0.0623955, 
71.4575, 1.28867, 0.0623955, 
71.4945, 1.28786, 0.0850848, 
71.5994, 1.12193, 0.102102, 
71.7026, 1.12135, 0.124791, 
71.8049, 1.28665, 0.130463, 
71.8394, 1.2864, 0.141808, 
71.8733, 1.28595, 0.164497, 
71.9779, 1.12041, 0.17017, 
72.0139, 1.12001, 0.192859, 
72.1163, 1.11983, 0.204204, 
72.1513, 1.11965, 0.215548, 
72.1852, 1.86083, 0.255254, 
72.291, 1.11916, 0.249582, 
72.3269, 0.99305, 0.255254, 
72.433, 0.993205, 0.24391, 
72.5344, 0.993205, 0.24391, 
72.6373, 0.993205, 0.24391, 
72.673, 0.89325, 0.249582, 
72.776, 1.11688, 0.46513, 
72.8798, 0.89325, 0.249582, 
72.9172, 0.993205, 0.24391, 
73.021, 0.89325, 0.249582, 
73.1237, 0.89325, 0.249582, 
73.2271, 0.89325, 0.249582, 
73.2638, 0.631175, 0.839503, 
73.3693, 0.738889, 0.850848, 
73.4724, 0.811821, 0.24391, 
73.5755, 0.812323, 0.209876, 
73.6802, 0.888386, 0.862193, 
73.7836, 0.631175, 0.839503, 
73.8217, 0.681065, 0.845176, 
73.9276, 0.816314, 0.0510509, 
74.0284, 0.738889, 0.850848, 
74.1303, 0.746463, -0.102102, 
74.235, 0.685764, 0.255254, 
74.3392, 0.636413, 0.215548, 
74.4438, 0.63697, 0.181514, 
74.5462, 0.555281, 0.158825, 
74.6503, 0.555508, 0.14748, 
74.6861, 0.491215, 0.113446, 
74.7889, 0.463547, 0.107774, 
74.8238, 0.415462, 0.0964294, 
74.86, 0.395168, 0.0680678, 
74.9626, 0.376311, 0.0510509, 
74.9983, 0.359125, 0.0340339, 
75.0333, 0.28669, -0.017017, 
75.1377, 0.220011, -0.0623955, 
75.742, 1.11424, 0.873537, 
76.3316, 1.11424, 0.873537, 
76.4229, 2.46217, 0.896227, 
76.5242, 1.50917, 0.884882, 
76.5595, 0.888386, 0.862193, 
76.5953, 3.92583, 0.754419, 
76.6974, 2, 0, 
76.7324, 2.46217, 0.896227, 
76.768, 1.11424, 0.873537, 
76.8713, 2.10993, 0.870701, 
76.9072, 2, 0, 
77.0105, 2.46217, 0.896227, 
77.0459, 1.11424, 0.873537, 
77.6499, 0.387923, -0.612611, 
77.7383, 0.367733, -0.70904, 
77.7735, 0.386812, -0.794125, 
77.8084, 0.484121, -0.816814, 
77.9119, 0.484121, -0.816814, 
77.9478, 0.484121, -0.816814, 
77.9887, 0.431082, -0.805469, 
78.0855, 0.386812, -0.794125, 
78.1222, 0.431468, -0.737402, 
78.2288, 0.431883, -0.669334, 
78.3298, 0.432029, -0.646644, 
78.366, 0.432491, -0.578577, 
78.469, 0.432998, -0.510509, 
78.5745, 0.410401, -0.448113, 
78.6789, 0.410919, -0.39139, 
78.7822, 0.411499, -0.334667, 
78.8849, 0.411753, -0.311978, 
78.9212, 0.412456, -0.255254, 
79.0233, 0.435802, -0.238237, 
79.062, 0.413485, -0.187187, 
79.1628, 0.393248, -0.136136, 
79.2705, 0.416183, -0.0737402, 
79.3705, 0.395626, -0.0567232, 
79.405, 0.396162, -0.0453786, 
79.4423, 0.380503, 0.00567232, 
79.5456, 0.738889, 0.850848, 
79.6485, 0.357075, 0.0794125, 
79.7537, 0.339404, 0.107774, 
79.859, 0.338147, 0.164497, 
79.9606, 0.514868, 0.822486, 
79.998, 0.484121, 0.816814, 
80.1007, 0.291715, 0.328995, 
80.2051, 0.290807, 0.419752, 
80.3073, 0.290131, 0.499164, 
80.4108, 0.276908, 0.53887, 
80.4496, 0.276268, 0.629628, 
80.5502, 0.263846, 0.669334, 
80.59, 0.263364, 0.748746, 
81.1943, 6.17148, 0.728893, 
81.7794, 2.46217, 0.896227, 
81.8682, 6.17112, 0.791289, 
81.9077, 2, 0, 
82.0078, 2.46217, 0.896227, 
82.0422, 1.85596, 0.87921, 
82.0808, 2, 0, 
82.1796, 2, 0, 
82.7221, 2, 0, 
82.8069, 2, 0, 
82.9127, 2, 0, 
83.0133, 2, 0, 
83.049, 2, 0, 
83.0859, 2, 0, 
83.1861, 2, 0, 
83.2237, 2, 0, 
83.3272, 2, 0, 
83.4313, 2.46217, -0.896227, 
84.0362, 3.92564, 0.788452, 
84.6277, 0.0864948, 0.0141808, 
84.7216, 0.079169, 0.141808, 
85.3249, 1.11466, -0.794125, 
85.4113, 0.889142, -0.726057, 
85.5143, 0.88971, -0.6353, 
85.6178, 0.740874, -0.533198, 
85.7218, 0.68391, -0.425424, 
85.8266, 0.684932, -0.323322, 
85.9292, 0.743252, -0.283616, 
85.9646, 0.461336, -0.22122, 
86.0677, 0.4896, -0.192859, 
86.1039, 0.594373, -0.130463, 
86.2071, 0.556581, -0.102102, 
86.3105, 0.556907, -0.0907571, 
86.3481, 0.524094, -0.0510509, 
86.4494, 0.493595, -0.0453786, 
86.4849, 0.493595, -0.0453786, 
86.5206, 0.441148, -0.0340339, 
86.6231, 0.361273, -0.0113446, 
86.7271, 0.361273, -0.0113446, 
86.7624, 0.336598, 0, 
86.7972, 0.300339, 0.0113446, 
86.9044, 0.243743, 0.00567232, 
87.5075, 1.50991, 0.748746, 
87.5999, 3.92515, 0.87921, 
87.699, 2.46217, -0.896227, 
87.7333, 2.99442, -0.899063, 
87.7695, 3.92551, -0.811142, 
87.8715, 3.9251, 0.890554, 
87.9072, 1.50917, 0.884882, 
87.9434, 6.17084, 0.84234, 
88.0456, 3.9251, -0.890554, 
88.0816, 2.46264, 0.805469, 
88.1859, 2.4624, 0.850848, 
88.2897, 2, 0, 
88.3237, 3.92539, -0.833831, 
88.3625, 3.9251, -0.890554, 
88.4645, 6.1746, -0.331831, 
88.568, 3.92646, 0.652317, 
88.6709, 2, 0, 
88.707, 2.46217, 0.896227, 
88.809, 2, 0, 
88.8458, 3.9266, 0.629628, 
88.949, 2, 0, 
88.9845, 0.888386, 0.862193, 
89.0872, 1.11424, 0.873537, 
89.1244, 0.549127, 0.828159, 
89.2269, 1.27969, 0.867865, 
89.3296, 0.888386, 0.862193, 
89.365, 0.386812, 0.794125, 
89.3995, 1.85626, 0.822486, 
89.5069, 1.50917, 0.884882, 
89.6081, 1.50917, 0.884882, 
89.643, 1.50917, 0.884882, 
89.6845, 1.85596, 0.87921, 
89.7817, 1.50917, 0.884882, 
89.8199, 2, 0, 
89.92, 2.46264, 0.805469, 
89.9552, 3.9251, 0.890554, 
89.9933, 3.92504, 0.901899, 
90.0949, 2, 0, 
90.1978, 2, 0, 
90.2316, 2, 0, 
90.271, 2, 0, 
90.3729, 2, 0, 
90.4748, 2, 0, 
90.5116, 6.17052, -0.904735, 
90.6151, 2, 0, 
90.7175, 2, 0, 
90.7528, 2, 0, 
90.7892, 2, 0, 
90.8912, 3.92515, 0.87921, 
90.9285, 2, 0, 
91.0306, 3.92504, -0.901899, 
91.0648, 2, 0, 
91.0996, 2, 0, 
91.2089, 2, 0, 
91.3082, 3.92527, 0.85652, 
91.3438, 2, 0, 
91.4474, 6.17063, -0.882046, 
91.4873, 3.9251, 0.890554, 
91.585, 2, 0, 
91.6199, 3.92533, 0.845176, 
91.6556, 2, 0, 
91.7586, 2, 0, 
91.7937, 3.92533, 0.845176, 
91.8295, 3.92515, 0.87921, 
91.9327, 2, 0, 
91.972, 3.92504, -0.901899, 
92.0748, 2.4624, 0.850848, 
92.1789, 3.92533, 0.845176, 
92.2791, 2, 0, 
92.3828, 2, 0, 
92.42, 6.17072, 0.865029, 
92.5231, 6.17055, 0.899063, 
92.5595, 3.92539, 0.833831, 
92.664, 3.92583, 0.754419, 
92.7672, 6.17109, 0.796961, 
92.8703, 2.46234, 0.862193, 
92.9746, 2.46217, 0.896227, 
93.0105, 1.66246, 0.887718, 
93.1161, 3.92504, 0.901899, 
93.2216, 2.4624, 0.850848, 
93.3238, 3.92515, 0.87921, 
93.4247, 2, 0, 
93.4621, 2, 0, 
93.5645, 2.46217, 0.896227, 
93.5989, 1.85626, 0.822486, 
93.7028, 1.85644, 0.788452, 
93.7391, 3.92624, 0.686351, 
93.8404, 2.46352, 0.657989, 
93.8759, 3.9266, 0.629628, 
93.9107, 6.1728, 0.530362, 
94.0148, 2, 0, 
94.0495, 3.92751, 0.504836, 
94.0852, 2, 0, 
94.193, 2, 0, 
94.2911, 2, 0, 
94.3317, 2, 0, 
94.4308, 2, 0, 
94.4652, 3.92507, 0.896227, 
94.5018, 2.46826, 0.181514, 
94.6043, 3.92849, 0.39139, 
94.6395, 2.46867, 0.158825, 
94.6753, 2.4689, 0.14748, 
94.7792, 6.17736, 0.144644, 
94.8162, 2.46914, 0.136136, 
94.9182, 2.46676, 0.283616, 
95.0218, 3.92988, 0.266599, 
95.0565, 1.86324, 0.119119, 
95.0972, 2.11753, 0.104938, 
95.1943, 1.6703, 0.0992656, 
95.2982, 1.51725, 0.0907571, 
95.4022, 1.67064, 0.087921, 
95.4431, 1.67101, 0.0765763, 
95.5427, 1.51801, 0.0680678, 
95.6469, 1.51801, 0.0680678, 
95.751, 1.51801, 0.0680678, 
95.789, 0.996397, 0.0850848, 
95.8898, 1.12225, 0.0907571, 
95.9938, 1.05558, 0.0822486, 
96.0341, 1.12302, 0.0680678, 
96.1309, 1.19975, 0.0652317, 
96.1663, 1.12347, 0.0567232, 
96.2013, 1.05693, 0.0482147, 
96.3058, 1.12401, 0.0453786, 
96.3422, 1.28975, 0.0397062, 
96.4476, 1.39437, 0.0368701, 
96.5506, 1.28975, 0.0397062, 
96.6526, 1.12401, 0.0453786, 
96.7584, 1.86456, 0.0737402, 
96.8617, 1.39876, 0.00283616, 
96.9649, 1.51725, 0.0907571, 
97.0681, 1.51725, 0.0907571, 
97.1056, 1.28975, -0.0397062, 
97.2074, 1.519, -0.0453786, 
97.2452, 1.393, -0.0652317, 
97.3504, 1.5176, -0.0794125, 
97.4508, 1.5176, -0.0794125, 
97.4862, 1.51725, 0.0907571, 
97.5252, 1.51725, 0.0907571, 
97.6233, 1.51692, 0.102102, 
97.66, 1.51692, 0.102102, 
97.7639, 1.51662, 0.113446, 
97.8688, 1.51662, -0.113446, 
97.9703, 1.28692, -0.119119, 
98.0058, 1.51662, 0.113446, 
98.0407, 1.39104, -0.1333, 
98.1438, 1.51634, 0.124791, 
98.1795, 1.51634, 0.124791, 
98.2153, 1.39079, -0.144644, 
98.3177, 1.51609, 0.136136, 
98.3531, 1.2864, 0.141808, 
98.3892, 1.39056, -0.155989, 
98.4914, 1.28595, -0.164497, 
98.5275, 1.28574, -0.175842, 
98.6336, 1.28554, -0.187187, 
98.7348, 1.28554, -0.187187, 
98.7707, 1.19659, -0.195695, 
98.8733, 1.28535, -0.198531, 
98.9099, 1.28535, 0.198531, 
99.012, 1.28517, 0.209876, 
99.116, 1.28535, -0.198531, 
99.1526, 1.11965, -0.215548, 
99.2549, 1.11965, -0.215548, 
99.2912, 1.28499, -0.22122, 
99.3954, 1.11948, -0.226893, 
99.4994, 1.11932, -0.238237, 
99.6019, 1.11932, -0.238237, 
99.639, 0.89325, -0.249582, 
99.7406, 0.99305, -0.255254, 
99.7775, 0.893098, -0.260927, 
99.8814, 0.892808, -0.283616, 
99.9856, 0.811231, -0.289288, 
100.087, 0.742979, -0.306305, 
100.192, 0.742979, -0.306305, 
100.231, 0.684807, -0.334667, 
100.33, 0.634825, -0.340339, 
100.366, 0.634825, -0.340339, 
100.401, 0.552479, -0.363028, 
100.504, 0.552365, -0.374373, 
100.54, 0.487076, -0.397062, 
100.645, 0.433561, -0.442441, 
100.747, 0.433463, -0.453786, 
100.782, 0.410209, -0.470803, 
100.819, 0.350976, -0.510509, 
100.92, 0.350801, -0.533198, 
100.956, 0.31811, -0.555887, 
100.994, 0.264066, -0.6353, 
101.095, 0.252474, -0.652317, 
101.132, 0.221107, -0.726057, 
101.738, 1.28079, -0.675006, 
101.823, 1.28065, -0.697695, 
101.858, 1.11512, -0.714712, 
101.893, 1.28094, -0.652317, 
101.997, 1.11569, -0.623955, 
102.031, 1.11577, -0.612611, 
102.066, 1.11643, -0.521853, 
102.169, 1.05016, -0.439605, 
102.274, 0.991299, -0.414079, 
102.312, 0.991852, -0.357356, 
102.413, 0.892155, -0.340339, 
102.448, 0.992217, -0.323322, 
102.484, 0.892951, -0.272271, 
102.587, 0.99305, -0.255254, 
102.624, 0.89392, -0.204204, 
102.726, 0.8943, -0.181514, 
102.76, 0.894504, -0.17017, 
102.795, 0.74539, -0.14748, 
102.899, 0.813806, -0.130463, 
102.935, 0.81436, -0.107774, 
103.039, 0.746789, -0.0907571, 
103.141, 0.747149, -0.0794125, 
103.177, 0.747149, -0.0794125, 
103.215, 0.68949, -0.0737402, 
103.316, 0.595959, -0.0737402, 
103.352, 0.59558, -0.0850848, 
103.456, 0.557267, -0.0794125, 
103.558, 0.522793, -0.0850848, 
103.594, 0.438413, -0.102102, 
103.63, 0.477188, -0.104938, 
103.732, 0.414863, -0.119119, 
103.767, 0.393505, -0.124791, 
103.803, 0.338368, -0.153153, 
103.913, 0.307384, -0.187187, 
104.009, 0.337938, -0.175842, 
104.549, 1.11424, 0.873537, 
105.136, 1.6634, 0.717548, 
105.225, 1.85677, 0.731729, 
105.262, 1.51004, -0.726057, 
105.363, 1.50917, 0.884882, 
105.468, 1.50917, 0.884882, 
105.505, 1.50917, 0.884882, 
105.606, 1.27964, -0.87921, 
105.642, 1.8578, 0.572904, 
105.746, 2, 0, 
105.848, 2, 0, 
105.885, 1.85831, 0.504836, 
105.988, 1.85831, 0.504836, 
106.024, 1.50917, 0.884882, 
106.128, 1.85878, 0.448113, 
106.234, 2, 0, 
106.338, 3.92691, 0.584249, 
106.441, 3.92558, 0.799797, 
106.545, 3.92895, 0.346012, 
106.649, 1.8559, 0.890554, 
106.753, 3.92974, 0.277944, 
106.855, 3.93003, 0.255254, 
106.893, 1.38419, 0.859356, 
106.995, 3.92583, 0.754419, 
107.6, 2, 0, 
107.688, 2, 0, 
107.723, 2, 0, 
107.758, 6.17124, -0.768599, 
107.864, 1.8559, 0.890554, 
107.968, 2.46277, 0.78278, 
108.071, 2.46277, 0.78278, 
108.174, 1.8559, 0.890554, 
108.213, 2.4624, 0.850848, 
108.315, 2.46359, 0.646644, 
108.42, 2.4633, 0.692023, 
108.524, 2.46554, -0.397062, 
108.627, 1.50917, 0.884882, 
108.73, 1.19085, 0.876373, 
108.77, 0.738889, 0.850848, 
108.87, 0.738889, 0.850848, 
109.475, 2, 0, 
109.584, 2, 0, 
109.667, 6.1706, 0.887718, 
109.701, 2, 0, 
109.735, 6.1706, 0.887718, 
109.839, 3.927, 0.572904, 
109.88, 3.92716, 0.550215, 
109.982, 2, 0, 
110.084, 3.9276, 0.493492, 
110.191, 3.92778, 0.470803, 
110.291, 2, 0, 
110.325, 3.92788, 0.459458, 
110.36, 2, 0, 
110.465, 2, 0, 
110.499, 2, 0, 
110.537, 2, 0, 
110.643, 2.46576, 0.374373, 
110.744, 2.46587, 0.363028, 
110.847, 3.92895, 0.346012, 
110.951, 2.99828, 0.348848, 
110.988, 2, 0, 
111.097, 3.92907, 0.334667, 
111.198, 2, 0, 
111.296, 2, 0, 
111.335, 2, 0, 
111.438, 2, 0, 
111.541, 2, 0, 
111.576, 2, 0, 
111.612, 2, 0, 
112.215, 2, 0, 
112.303, 2, 0, 
112.34, 3.92504, -0.901899, 
112.445, 2, 0, 
112.547, 2, 0, 
112.584, 3.92521, 0.867865, 
112.685, 1.50917, 0.884882, 
112.793, 1.50917, 0.884882, 
112.894, 2.4624, 0.850848, 
112.932, 3.92504, 0.901899, 
113.033, 6.17081, 0.848012, 
113.069, 6.17081, 0.848012, 
113.173, 3.9292, 0.323322, 
113.277, 3.93217, -0.130463, 
113.382, 3.93169, -0.153153, 
113.485, 6.17087, 0.836667, 
113.593, 3.92533, 0.845176, 
113.693, 2, 0, 
113.797, 2, 0, 
113.831, 6.17534, -0.269435, 
113.938, 2, 0, 
114.04, 3.92504, -0.901899, 
114.076, 2, 0, 
114.178, 2, 0, 
114.218, 6.17223, -0.609774, 
114.318, 3.93147, 0.164497, 
114.422, 6.17701, 0.161661, 
115.028, 1.50917, 0.884882, 
115.117, 0.99018, -0.550215, 
115.221, 1.11593, -0.589921, 
115.257, 1.11519, -0.703368, 
115.36, 1.11485, -0.760091, 
115.464, 0.631175, 0.839503, 
115.571, 1.11472, -0.78278, 
115.672, 0.988596, -0.799797, 
115.776, 0.988596, -0.799797, 
115.88, 0.935979, -0.796961, 
115.985, 0.988659, -0.788452, 
116.089, 0.888751, -0.794125, 
116.192, 0.988472, 0.822486, 
116.297, 0.443417, 0.808306, 
116.403, 0.681065, 0.845176, 
116.51, 0.549127, 0.828159, 
116.613, 0.587595, 0.833831, 
116.716, 0.631175, 0.839503, 
116.818, 0.631175, 0.839503, 
116.922, 0.988232, -0.867865, 
117.025, 0.888386, 0.862193, 
117.131, 2.46217, -0.896227, 
117.233, 6.17081, -0.848012, 
117.337, 1.8559, 0.890554, 
117.441, 3.92527, 0.85652, 
117.545, 3.92583, -0.754419, 
117.584, 2, 0, 
117.683, 3.92504, -0.901899, 
117.722, 3.92583, -0.754419, 
117.823, 3.92617, -0.697695, 
117.93, 1.85684, -0.720385, 
118.03, 2.46222, 0.884882, 
118.066, 2.46222, -0.884882, 
118.171, 6.17075, 0.859356, 
118.274, 3.9261, -0.70904, 
118.378, 3.92617, -0.697695, 
118.415, 3.92631, -0.675006, 
118.518, 3.92624, -0.686351, 
118.623, 6.17182, -0.67217, 
118.726, 2, 0, 
118.83, 3.92539, -0.833831, 
118.933, 2, 0, 
119.037, 3.92684, -0.595594, 
119.144, 2, 0, 
119.245, 3.92691, -0.584249, 
119.279, 3.9259, -0.743074, 
119.816, 1.2832, -0.368701, 
119.905, 0.992217, -0.323322, 
120.008, 0.992614, -0.289288, 
120.113, 0.992614, -0.289288, 
120.224, 0.992614, -0.289288, 
120.32, 0.992614, -0.289288, 
120.359, 0.992614, -0.289288, 
120.461, 0.992755, -0.277944, 
120.563, 0.892951, -0.272271, 
120.602, 0.992755, -0.277944, 
120.703, 0.892808, -0.283616, 
120.806, 0.992614, -0.289288, 
120.844, 0.892535, -0.306305, 
120.945, 0.992217, -0.323322, 
121.052, 0.992092, -0.334667, 
121.155, 1.5094, 0.839503, 
121.258, 0.891803, -0.374373, 
121.363, 0.991623, -0.380045, 
121.399, 1.50917, 0.884882, 
121.502, 0.938588, -0.422588, 
121.606, 0.990995, -0.448113, 
121.709, 0.990995, -0.448113, 
121.744, 0.890973, -0.46513, 
121.781, 1.50917, 0.884882, 
121.884, 0.890695, -0.499164, 
121.987, 0.890605, -0.510509, 
122.09, 0.890605, -0.510509, 
122.129, 0.890517, -0.521853, 
122.231, 0.89043, -0.533198, 
122.333, 0.89043, -0.533198, 
122.372, 0.89043, -0.533198, 
122.473, 0.99035, -0.527526, 
122.58, 0.890517, -0.521853, 
122.681, 0.990437, -0.516181, 
122.786, 0.990526, -0.504836, 
122.89, 0.990616, -0.493492, 
122.993, 0.938146, -0.473639, 
123.099, 0.990995, -0.448113, 
123.205, 0.991094, -0.436769, 
123.306, 0.991299, -0.414079, 
123.411, 2.46217, 0.896227, 
123.513, 1.11771, -0.374373, 
123.552, 1.11783, -0.363028, 
123.654, 1.11794, -0.351684, 
123.758, 1.11806, -0.340339, 
123.861, 0.992092, -0.334667, 
123.897, 1.11819, -0.328995, 
124.001, 1.11844, -0.306305, 
124.105, 1.11844, -0.306305, 
124.217, 1.11886, -0.272271, 
124.312, 1.11886, -0.272271, 
124.346, 1.11424, 0.873537, 
124.385, 1.11916, -0.249582, 
124.485, 1.11916, -0.249582, 
124.523, 1.11932, -0.238237, 
124.625, 1.11948, -0.226893, 
124.729, 1.11932, -0.238237, 
124.833, 1.28483, -0.232565, 
124.868, 1.11948, -0.226893, 
124.972, 1.11965, -0.215548, 
125.076, 1.11965, -0.215548, 
125.178, 1.11965, -0.215548, 
125.22, 1.11965, -0.215548, 
125.318, 1.11965, -0.215548, 
125.356, 1.11965, -0.215548, 
125.457, 1.11965, -0.215548, 
125.56, 1.11965, -0.215548, 
125.596, 1.11965, -0.215548, 
125.633, 1.11965, -0.215548, 
125.734, 1.11983, -0.204204, 
125.77, 1.11983, -0.204204, 
125.873, 1.12001, -0.192859, 
125.977, 1.12001, -0.192859, 
126.012, 1.12001, -0.192859, 
126.117, 1.12001, -0.192859, 
126.151, 1.12001, -0.192859, 
126.257, 1.12001, -0.192859, 
126.36, 0.993888, -0.198531, 
126.395, 1.11983, -0.204204, 
126.498, 0.993888, -0.198531, 
126.533, 1.12001, -0.192859, 
126.637, 1.12001, -0.192859, 
126.672, 1.12001, -0.192859, 
126.776, 1.12001, -0.192859, 
126.81, 1.12001, -0.192859, 
126.846, 1.12001, -0.192859, 
126.95, 0.993888, -0.198531, 
127.052, 1.12001, -0.192859, 
127.087, 1.12001, -0.192859, 
127.122, 1.12001, -0.192859, 
127.226, 1.1965, -0.201367, 
127.265, 1.12001, -0.192859, 
127.366, 1.12001, -0.192859, 
127.401, 1.12001, -0.192859, 
127.504, 1.12001, -0.192859, 
127.541, 1.12001, -0.192859, 
127.643, 1.11983, -0.204204, 
127.677, 1.11983, -0.204204, 
127.713, 1.11983, -0.204204, 
127.816, 1.11983, -0.204204, 
127.857, 1.28535, -0.198531, 
127.956, 1.12001, -0.192859, 
128.061, 1.12001, -0.192859, 
128.165, 1.28535, -0.198531, 
128.269, 1.28535, -0.198531, 
128.372, 1.28535, -0.198531, 
128.407, 1.12021, -0.181514, 
128.511, 1.12041, -0.17017, 
128.614, 1.12041, -0.17017, 
128.65, 1.12041, -0.17017, 
128.685, 1.12063, -0.158825, 
128.787, 1.12063, -0.158825, 
128.824, 1.12063, -0.158825, 
128.929, 1.12021, -0.181514, 
129.035, 0.993707, -0.209876, 
129.137, 1.11932, -0.238237, 
129.24, 1.11932, -0.238237, 
129.279, 1.11901, -0.260927, 
129.379, 0.940087, -0.28078, 
129.484, 0.992346, -0.311978, 
129.588, 0.992217, -0.323322, 
129.692, 0.892155, -0.340339, 
129.795, 0.939368, -0.343175, 
129.898, 0.939248, -0.35452, 
129.935, 0.849137, -0.371537, 
130.039, 0.810239, -0.380045, 
130.143, 0.891691, -0.385718, 
130.249, 0.891582, -0.397062, 
130.353, 0.848808, -0.405571, 
130.456, 0.848703, -0.416916, 
130.563, 0.809812, -0.425424, 
130.664, 0.809611, -0.448113, 
130.77, 0.809514, -0.459458, 
130.874, 0.809418, -0.470803, 
130.976, 0.809142, -0.504836, 
131.078, 0.809142, -0.504836, 
131.118, 0.809053, -0.516181, 
131.224, 0.740961, -0.521853, 
131.325, 0.740874, -0.533198, 
131.425, 0.740874, -0.533198, 
131.531, 0.740874, -0.533198, 
131.634, 0.740789, -0.544543, 
131.739, 0.740789, -0.544543, 
131.842, 0.740789, -0.544543, 
131.946, 0.740789, -0.544543, 
131.985, 0.740789, -0.544543, 
132.085, 0.740789, -0.544543, 
132.122, 0.740961, -0.521853, 
132.226, 0.741139, -0.499164, 
132.328, 0.741139, -0.499164, 
132.368, 0.741323, -0.476475, 
132.468, 0.741417, -0.46513, 
132.503, 0.741612, -0.442441, 
132.607, 0.741919, -0.408407, 
132.71, 0.742361, -0.363028, 
132.817, 0.742722, -0.328995, 
132.918, 0.742849, -0.31765, 
132.952, 0.811095, -0.300633, 
132.988, 0.811666, -0.255254, 
133.092, 0.811982, -0.232565, 
133.128, 0.744364, -0.204204, 
133.231, 0.74455, -0.192859, 
133.267, 0.74455, -0.192859, 
133.372, 0.686247, -0.22122, 
133.473, 0.636242, -0.226893, 
133.51, 0.635921, -0.249582, 
133.613, 0.635621, -0.272271, 
133.717, 0.572007, -0.286452, 
133.757, 0.591401, -0.323322, 
133.857, 0.552479, -0.363028, 
133.959, 0.552365, -0.374373, 
133.996, 0.517695, -0.414079, 
134.098, 0.517592, -0.425424, 
134.134, 0.551535, -0.46513, 
134.237, 0.486189, -0.499164, 
134.342, 0.516922, -0.504836, 
134.378, 0.48584, -0.544543, 
134.482, 0.432333, -0.601266, 
134.584, 0.485204, -0.6353, 
134.689, 0.550197, -0.646644, 
134.724, 0.515656, -0.686351, 
134.826, 0.515586, -0.697695, 
134.862, 0.484842, -0.692023, 
134.898, 0.549771, -0.714712, 
135.001, 0.588168, -0.731729, 
135.105, 0.588168, -0.731729, 
135.208, 0.588168, -0.731729, 
135.243, 0.54925, 0.805469, 
135.279, 0.588373, -0.697695, 
135.383, 0.588514, -0.675006, 
135.487, 0.888386, 0.862193, 
135.591, 0.63261, -0.601266, 
135.696, 0.682491, -0.606938, 
135.799, 0.63261, -0.601266, 
135.837, 0.682649, -0.584249, 
135.939, 0.682894, -0.550215, 
136.043, 0.683152, -0.516181, 
136.146, 0.683423, -0.482147, 
136.252, 0.683709, -0.448113, 
136.354, 0.684013, -0.414079, 
136.458, 0.742026, -0.397062, 
136.495, 0.810352, -0.368701, 
136.6, 0.742722, -0.328995, 
136.7, 0.811231, -0.289288, 
136.807, 0.743542, -0.260927, 
136.909, 0.743694, -0.249582, 
136.943, 0.743852, -0.238237, 
136.981, 0.744187, -0.215548, 
137.084, 0.812505, -0.198531, 
137.195, 0.812893, -0.175842, 
137.292, 0.813323, -0.153153, 
137.396, 0.895187, -0.136136, 
137.501, 0.814072, -0.119119, 
137.602, 0.895721, -0.113446, 
137.638, 0.81436, -0.107774, 
137.674, 0.815013, -0.0850848, 
137.776, 0.897107, -0.0680678, 
137.811, 0.898101, -0.0453786, 
137.919, 0.816902, -0.0397062, 
138.02, 0.898755, -0.0340339, 
138.126, 0.898755, -0.0340339, 
138.228, 0.898755, -0.0340339, 
138.272, 0.899609, -0.0226893, 
138.37, 0.899609, -0.0226893, 
138.47, 0.899609, -0.0226893, 
138.508, 0.900903, -0.0113446, 
138.61, 0.900903, -0.0113446, 
138.645, 0.90875, 0, 
138.749, 0.900903, -0.0113446, 
138.852, 0.900903, -0.0113446, 
138.957, 0.900903, -0.0113446, 
138.991, 0.900903, -0.0113446, 
139.029, 0.900903, -0.0113446, 
139.13, 0.900903, -0.0113446, 
139.234, 0.900903, -0.0113446, 
139.273, 0.900903, -0.0113446, 
139.374, 1.00005, -0.017017, 
139.477, 0.899609, -0.0226893, 
139.518, 0.899609, -0.0226893, 
139.616, 0.899609, -0.0226893, 
139.654, 0.899609, -0.0226893, 
139.756, 0.899609, -0.0226893, 
139.86, 0.899609, -0.0226893, 
139.964, 0.899609, -0.0226893, 
140.067, 0.817641, -0.0283616, 
140.175, 0.898755, -0.0340339, 
140.276, 0.816902, -0.0397062, 
140.382, 0.749199, -0.0340339, 
140.484, 0.817641, -0.0283616, 
140.519, 0.817641, -0.0283616, 
140.553, 0.817641, -0.0283616, 
140.657, 0.818662, -0.017017, 
140.694, 0.749199, -0.0340339, 
140.797, 0.749199, -0.0340339, 
140.901, 0.748009, -0.0567232, 
141.005, 0.689918, -0.0623955, 
141.109, 0.689111, -0.0850848, 
141.215, 0.888505, 0.839503, 
141.32, 0.738889, 0.850848, 
141.425, 0.888386, 0.862193, 
141.526, 0.636078, -0.238237, 
141.629, 0.685764, -0.255254, 
141.665, 0.635206, -0.306305, 
141.769, 0.634705, -0.351684, 
141.872, 0.590588, -0.402735, 
141.979, 0.590178, -0.448113, 
142.085, 0.589709, -0.504836, 
142.187, 0.550823, -0.555887, 
142.295, 0.58896, -0.606938, 
142.396, 0.550197, -0.646644, 
142.498, 0.632089, -0.680678, 
142.603, 0.631812, -0.726057, 
142.707, 0.631679, -0.748746, 
142.81, 0.631548, -0.771436, 
142.915, 0.888386, 0.862193, 
143.021, 0.631421, -0.794125, 
143.122, 0.631421, -0.794125, 
143.156, 0.587779, -0.799797, 
143.196, 0.681248, -0.811142, 
143.295, 0.681248, -0.811142, 
143.399, 0.681248, -0.811142, 
143.434, 0.631421, -0.794125, 
143.539, 0.681501, -0.765763, 
143.642, 0.681699, -0.731729, 
143.745, 0.549771, -0.714712, 
143.781, 0.588807, -0.629628, 
143.89, 0.589533, -0.527526, 
143.99, 0.633938, -0.431096, 
144.093, 0.684119, -0.402735, 
144.132, 0.635075, -0.31765, 
144.233, 0.685614, -0.266599, 
144.336, 0.636242, -0.226893, 
144.444, 0.63659, -0.204204, 
144.544, 0.686991, -0.175842, 
144.651, 0.687655, -0.141808, 
144.752, 0.63869, -0.102102, 
144.857, 0.639777, -0.0680678, 
144.961, 0.639777, -0.0680678, 
145.566, 2, 0, 
145.655, 6.17121, 0.774272, 
145.76, 1.50917, 0.884882, 
145.863, 1.27964, 0.87921, 
145.905, 2.46217, 0.896227, 
146.003, 2.46217, 0.896227, 
146.106, 3.9251, 0.890554, 
146.14, 2.46234, 0.862193, 
146.181, 3.92558, -0.799797, 
146.294, 3.92527, 0.85652, 
146.384, 3.92539, -0.833831, 
146.488, 3.92527, -0.85652, 
146.522, 2.46234, 0.862193, 
146.626, 2.99587, -0.643808, 
146.665, 3.9251, 0.890554, 
146.765, 1.5094, 0.839503, 
146.803, 0.988291, 0.85652, 
146.905, 0.681065, 0.845176, 
147.009, 1.50917, 0.884882, 
147.114, 3.9251, 0.890554, 
147.225, 3.92515, 0.87921, 
147.321, 1.50917, 0.884882, 
147.425, 1.85638, -0.799797, 
147.541, 2.46217, -0.896227, 
147.633, 3.92504, 0.901899, 
147.667, 2.46217, 0.896227, 
147.704, 3.92684, 0.595594, 
147.808, 6.17052, -0.904735, 
147.911, 2, 0, 
148.016, 6.17179, -0.677842, 
148.121, 2, 0, 
148.226, 2, 0, 
148.33, 3.92504, 0.901899, 
148.432, 2, 0, 
149.034, 0.895444, -0.124791, 
149.625, 2.46217, 0.896227, 
149.715, 1.85596, 0.87921, 
149.752, 1.8559, 0.890554, 
149.856, 1.8562, 0.833831, 
149.962, 1.50929, 0.862193, 
150.064, 0.631235, 0.828159, 
150.169, 1.50917, 0.884882, 
150.273, 1.50917, 0.884882, 
150.381, 2.4624, 0.850848, 
150.48, 3.93147, 0.164497, 
150.584, 3.92527, 0.85652, 
151.187, 2.46264, 0.805469, 
151.275, 2.46217, 0.896227, 
151.311, 0.888386, 0.862193, 
151.346, 2.46222, 0.884882, 
151.451, 2, 0, 
151.554, 1.50917, 0.884882, 
151.658, 1.27969, 0.867865, 
151.695, 0.708862, 0.848012, 
151.799, 1.11424, 0.873537, 
151.902, 1.50929, 0.862193, 
151.941, 6.17112, 0.791289, 
152.042, 2, 0, 
152.644, 2, 0, 
152.734, 2.46264, 0.805469, 
152.769, 2.46217, 0.896227, 
152.808, 2.46217, 0.896227, 
152.909, 2.46217, 0.896227, 
153.012, 2.46217, 0.896227, 
153.12, 2.46217, 0.896227, 
153.224, 3.92504, 0.901899, 
153.325, 2.46217, 0.896227, 
153.431, 1.27964, 0.87921, 
153.533, 0.484121, 0.816814, 
153.638, 2, 0, 
154.241, 3.92504, 0.901899, 
154.331, 2, 0, 
154.434, 6.17075, 0.859356, 
154.472, 3.92504, 0.901899, 
154.573, 1.50917, 0.884882, 
154.614, 0.988411, 0.833831, 
154.714, 1.50991, 0.748746, 
154.818, 0.738889, 0.850848, 
154.925, 2.46252, 0.828159, 
155.027, 1.50917, 0.884882, 
155.128, 1.11424, 0.873537, 
155.165, 0.888386, 0.862193, 
155.269, 0.888878, 0.771436, 
155.873, 0.80715, 0.811142, 
155.962, 1.11424, 0.873537, 
156.065, 1.11435, 0.850848, 
156.172, 2.46264, 0.805469, 
156.276, 1.50917, 0.884882, 
156.381, 1.28025, 0.765763, 
156.985, 2.46217, 0.896227, 
157.073, 2.46228, 0.873537, 
157.176, 2.46252, 0.828159, 
157.218, 1.50917, 0.884882, 
157.315, 0.681065, 0.845176, 
157.421, 3.9257, 0.777108, 
157.523, 2, 0, 
157.558, 1.50917, 0.884882, 
157.592, 0.888386, 0.862193, 
158.198, 0.631175, 0.839503, 
158.289, 1.50917, 0.884882, 
158.392, 3.9251, 0.890554, 
158.495, 2.99465, 0.853684, 
158.53, 2, 0, 
158.632, 6.17124, 0.768599, 
158.666, 2.46217, 0.896227, 
158.701, 2.46217, 0.896227, 
158.74, 0.888386, 0.862193, 
158.843, 1.27964, 0.87921, 
159.447, 1.8559, 0.890554, 
159.538, 1.11424, 0.873537, 
159.641, 2.46252, 0.828159, 
159.744, 2.46228, 0.873537, 
159.781, 1.50917, 0.884882, 
159.883, 2.46252, 0.828159, 
159.921, 1.5094, 0.839503, 
160.023, 2.46217, 0.896227, 
160.627, 1.50929, 0.862193, 
160.716, 1.50929, 0.862193, 
160.751, 2.4624, 0.850848, 
160.86, 2.46228, 0.873537, 
160.959, 2.4629, 0.760091, 
161.065, 1.50917, 0.884882, 
161.167, 0.845706, 0.859356, 
161.214, 3.92551, 0.811142, 
161.807, 2.46217, 0.896227, 
161.897, 2, 0, 
161.999, 2, 0, 
162.038, 2, 0, 
162.138, 3.92504, 0.901899, 
162.179, 2.46217, 0.896227, 
162.278, 1.50929, 0.862193, 
162.387, 2.4629, 0.760091, 
162.489, 6.17063, 0.882046, 
162.591, 2.46277, 0.78278, 
163.197, 3.9251, 0.890554, 
163.284, 6.17063, 0.882046, 
163.388, 3.92504, 0.901899, 
163.423, 6.17075, 0.859356, 
163.528, 1.11424, 0.873537, 
163.631, 2, 0, 
163.736, 3.92551, 0.811142, 
163.84, 6.17151, 0.723221, 
163.944, 2.46217, 0.896227, 
164.549, 2.46217, 0.896227, 
164.638, 2, 0, 
164.74, 2, 0, 
164.775, 2, 0, 
164.812, 1.50917, 0.884882, 
164.916, 1.38434, 0.830995, 
165.022, 1.50917, 0.884882, 
165.126, 3.92504, 0.901899, 
165.226, 1.8559, 0.890554, 
165.263, 2.46217, 0.896227, 
165.368, 3.9251, 0.890554, 
165.47, 1.50929, 0.862193, 
166.075, 1.50929, 0.862193, 
166.164, 3.92558, 0.799797, 
166.199, 2, 0, 
166.239, 2, 0, 
166.338, 2, 0, 
166.374, 2, 0, 
166.475, 2, 0, 
166.513, 3.9251, 0.890554, 
166.615, 2.46228, 0.873537, 
166.65, 2.46217, 0.896227, 
166.685, 2, 0, 
166.788, 3.9259, 0.743074, 
166.894, 2, 0, 
167.497, 2, 0, 
167.587, 2, 0, 
167.621, 2, 0, 
167.655, 2, 0, 
167.761, 2, 0, 
167.795, 2, 0, 
167.898, 2, 0, 
167.934, 6.1706, 0.887718, 
167.973, 6.17084, 0.84234, 
168.074, 3.92504, 0.901899, 
168.111, 2, 0, 
168.222, 2, 0, 
168.316, 2, 0, 
168.42, 2, 0, 
168.524, 2, 0, 
168.558, 2, 0, 
168.593, 2, 0, 
168.699, 3.92504, 0.901899, 
168.734, 2, 0, 
168.837, 3.9251, 0.890554, 
168.875, 2.46217, 0.896227, 
168.976, 3.92504, 0.901899, 
169.017, 1.85596, 0.87921, 
169.114, 3.92515, 0.87921, 
169.151, 2.46234, 0.862193, 
169.255, 3.9251, 0.890554, 
169.358, 2.99445, 0.89339, 
169.462, 2.46222, 0.884882, 
169.497, 2, 0, 
169.599, 2, 0, 
169.633, 3.92545, 0.822486, 
170.169, 2, 0, 
170.259, 2, 0, 
170.294, 2, 0, 
170.33, 2, 0, 
170.432, 3.92504, 0.901899, 
170.47, 2, 0, 
170.573, 3.92521, 0.867865, 
170.677, 6.1706, 0.887718, 
170.782, 2, 0, 
170.883, 2, 0, 
170.922, 2, 0, 
171.022, 6.17134, 0.751582, 
171.062, 2, 0, 
171.162, 2, 0, 
171.265, 2, 0, 
171.303, 2, 0, 
171.406, 2, 0, 
171.509, 2, 0, 
171.543, 2, 0, 
171.582, 2, 0, 
171.681, 2, 0, 
171.716, 2, 0, 
171.754, 2, 0, 
171.855, 2, 0, 
171.891, 2, 0, 
171.926, 2, 0, 
172.029, 2, 0, 
172.063, 2, 0, 
172.167, 2, 0, 
172.202, 2, 0, 
172.237, 2, 0, 
172.341, 2, 0, 
172.375, 2, 0, 
172.479, 2, 0, 
172.512, 2, 0, 
172.549, 2, 0, 
172.596, 2, 0, 
172.689, 2, 0, 
172.723, 2, 0, 
172.759, 2, 0, 
172.862, 2, 0, 
172.967, 2, 0, 
173.004, 2, 0, 
173.106, 2, 0, 
173.214, 2, 0, 
173.313, 2, 0, 
173.852, 2, 0, 
173.939, 2, 0, 
174.042, 2.46217, 0.896227, 
174.081, 2, 0, 
174.19, 3.92521, 0.867865, 
174.287, 3.92504, 0.901899, 
174.39, 2.46228, 0.873537, 
174.496, 2, 0, 
174.598, 2.46217, 0.896227, 
174.701, 3.92515, 0.87921, 
174.74, 2.46217, 0.896227, 
174.841, 2.46252, 0.828159, 
174.945, 1.27964, 0.87921, 
175.048, 1.50917, 0.884882, 
175.084, 1.11424, 0.873537, 
175.186, 1.11424, 0.873537, 
175.224, 3.9251, 0.890554, 
175.327, 3.92504, 0.901899, 
175.431, 1.85614, 0.845176, 
175.534, 1.5094, 0.839503, 
175.572, 2, 0, 
175.673, 3.92515, 0.87921, 
175.708, 2.46217, 0.896227, 
175.814, 1.27964, 0.87921, 
175.917, 0.738889, 0.850848, 
175.956, 0.514868, 0.822486, 
176.058, 1.66252, 0.876373, 
176.16, 2, 0, 
176.196, 1.11424, 0.873537, 
176.301, 0.888688, 0.805469, 
176.402, 0.807339, 0.777108, 
176.442, 0.739792, 0.692023, 
176.542, 0.632532, 0.612611, 
176.647, 0.711165, 0.490656, 
176.751, 0.68445, 0.368701, 
176.854, 0.636078, 0.238237, 
176.958, 0.594124, 0.141808, 
177.064, 0.596387, 0.0623955, 
177.168, 0.504244, 0, 
177.269, 0.496397, -0.0113446, 
177.309, 0.439958, -0.0567232, 
177.408, 0.416183, -0.0737402, 
177.446, 0.374356, -0.107774, 
177.549, 0.308762, -0.119119, 
177.651, 0.294881, -0.124791, 
177.691, 0.23656, -0.153153, 
177.799, 0.180208, -0.18435, 
178.398, 0.739132, 0.805469, 
178.484, 0.631175, 0.839503, 
178.52, 1.1146, 0.805469, 
179.127, 1.50953, 0.816814, 
179.718, 0.74008, 0.646644, 
179.805, 0.590696, 0.39139, 
179.908, 0.55337, 0.283616, 
180.011, 0.488745, 0.249582, 
180.05, 0.46251, 0.153153, 
180.15, 0.4395, 0.0680678, 
180.255, 0.398963, -0.0113446, 
180.359, 0.341947, -0.0397062, 
180.465, 0.297002, -0.0567232, 
180.565, 0.283848, -0.0623955, 
180.601, 0.260203, -0.0623955, 
180.635, 0.221093, -0.0397062, 
180.743, 0.175428, -0.017017, 
180.845, 0.125744, -0.0141808, 
181.449, 3.92515, 0.87921, 
181.538, 6.17087, -0.836667, 
