#ssr105
time, vl, vr, 
0, 7.58, 7.59, 
0.468, -33.1, 33.1, 
0.642, -38.1, 38.1, 
0.814, 42.2, 42.2, 
0.991, 45.7, 45.7, 
1.16, -48.5, 48.5, 
1.34, 50.5, 50.8, 
1.51, 49.9, 52.8, 
1.68, -54.4, 54.4, 
1.86, -55.7, 55.7, 
2.03, -56.8, 56.8, 
2.2, 57.7, 57.7, 
2.38, 58.4, 58.4, 
2.55, -59.1, 59.1, 
2.72, -59.6, 59.6, 
2.9, 46.9, 64.8, 
3.07, 36.6, 69.9, 
3.24, 28.1, 74.3, 
3.42, 20.9, 78.1, 
3.59, 10.1, 81.2, 
3.77, -9.09, 83.8, 
3.94, 10.3, 85.2, 
4.11, 11.4, 85.8, 
4.29, 13.7, 85.7, 
4.46, 16.8, 85.1, 
4.63, 20.4, 84, 
4.81, -24.5, 82.6, 
4.98, -30.3, 79.7, 
5.15, 37.8, 74.2, 
5.33, 45.3, 67.5, 
5.5, 51.7, 61.5, 
5.68, 57.2, 56.2, 
5.85, 61.7, 51.1, 
6.02, 65.2, 46.3, 
6.2, 68, 41.4, 
6.37, 69.7, 36.6, 
6.54, 70, 31.7, 
6.71, 69.1, 26.5, 
6.89, 66.5, 20.8, 
7.06, -64, 15.9, 
7.24, -60.6, 10.5, 
7.41, -60.1, 5.36, 
7.58, -61, 0.224, 
7.76, -62.9, -4.89, 
7.93, -67.6, -8.98, 
8.1, -71.4, -12.3, 
8.28, -73.9, -15.6, 
8.45, -77, -17.9, 
8.62, -80.2, -18.9, 
8.8, 82.7, -19.9, 
8.97, 84.3, -19.3, 
9.14, 83.4, -15.5, 
9.32, 80.7, -8.51, 
9.49, -75.9, -2.49, 
9.67, -70.8, 2.66, 
9.84, -67.9, 7.77, 
10, 67.5, 10.3, 
10.2, 68.1, 12.4, 
10.4, -66.7, 13.5, 
10.5, 66.1, 14.4, 
10.7, -65.1, 14.3, 
10.9, 64.3, 13.3, 
11.1, 64.7, 13.1, 
11.2, 63.6, 12.3, 
11.4, -60.8, 10.4, 
11.6, -58.1, 8.25, 
11.7, 57.4, 6.39, 
11.9, 56.3, 4.48, 
12.1, -54.4, 3.33, 
12.3, -52.6, 2.71, 
12.4, 51.4, 1.11, 
12.6, 50.4, -0.158, 
12.8, -47.8, -1.53, 
13, -45.6, -1.92, 
13.1, -44.9, -1.12, 
13.3, -45.3, 0.464, 
13.5, 46.3, 0.917, 
13.7, -46.4, 1.09, 
13.8, -46, 0.673, 
14, 47.4, 0.29, 
14.2, 47.8, -0.154, 
14.3, -46.2, -0.792, 
14.5, -44.6, -0.275, 
14.7, -44.1, 0.215, 
14.9, 45.8, 1.3, 
15, -46.4, 2.01, 
15.2, -46.9, 2.6, 
15.4, 48.5, 2.69, 
15.6, 49.2, 2.4, 
15.7, -48.1, 2.06, 
15.9, -47, 1.11, 
16.1, 47, 0.0376, 
16.3, 47.4, -0.186, 
16.4, -45.4, -1.01, 
16.6, -43.9, -1.16, 
16.8, -43.5, -0.475, 
17, -43.1, 0.0907, 
17.1, 44.2, 0.994, 
17.3, -44.8, 2.15, 
17.5, -44.7, 2.17, 
17.6, 45.4, 1.56, 
17.8, -45.2, 1.07, 
18, 45.6, 1.02, 
18.2, -45.4, 0.624, 
18.3, 45.2, 0.295, 
18.5, -44.8, -0.633, 
18.7, -44.7, -0.752, 
18.9, 44.9, -1.2, 
19, -45.1, -0.455, 
19.2, -44.5, 0.0866, 
19.4, 45.7, 1.13, 
19.6, -46.3, 1.88, 
19.7, 46.5, 1.7, 
19.9, -47, 2.35, 
20.1, 46.8, 2.44, 
20.3, 46.4, 1.8, 
20.4, -45, 0.891, 
20.6, -44.1, 0.489, 
20.8, 43.6, -1.04, 
20.9, 44, -1.44, 
21.1, -43, -1.77, 
21.3, -42.4, -1.53, 
21.5, -42.7, -0.338, 
21.6, -43.5, 1.06, 
21.8, 45.2, 2.21, 
22, -45.9, 2.75, 
22.2, 46.5, 3.2, 
22.3, 47, 3.57, 
22.5, -46.1, 3.38, 
22.7, -45.6, 2.92, 
22.9, 46.1, 2.2, 
23, 46, 1.27, 
23.2, -44.9, 0.184, 
23.4, -44.3, -0.415, 
23.5, 44.2, -1.37, 
23.7, -44.2, -1.36, 
23.9, -44, -1, 
24.1, -44.3, -0.301, 
24.2, -45.2, 0.69, 
24.4, 47.5, 1.93, 
24.6, 48.7, 2.58, 
24.8, -47.8, 2.21, 
24.9, 47.6, 2.16, 
25.1, 48.2, 2.34, 
25.3, -47.8, 2.43, 
25.5, 47.2, 1.79, 
25.6, -46.7, 1.25, 
25.8, 46.1, 0.0156, 
26, -45.7, -1, 
26.1, 45.3, -1.88, 
26.3, -44.6, -1.98, 
26.5, -43.8, -1.89, 
26.7, 43.7, -1.43, 
26.8, -44, 0.635, 
27, -43.3, 1.34, 
27.2, -44.1, 2.43, 
27.4, 44.7, 2.14, 
27.5, 45.5, 2.68, 
27.7, -44.8, 2.67, 
27.9, -43.9, 2.13, 
28.1, 44.2, 1.21, 
28.2, 44.8, 1.13, 
28.4, -43.6, 0.353, 
28.6, -42.8, -0.562, 
28.8, -42.6, -1.01, 
28.9, -42.9, -1.07, 
29.1, 43.6, -0.57, 
29.3, -43.7, 0.437, 
29.4, -44.4, 1.71, 
29.6, 45.5, 1.92, 
29.8, 47, 2.74, 
30, -47.1, 3.58, 
30.1, -46.4, 3.07, 
30.3, 46.8, 2.34, 
30.5, 47.8, 2.09, 
30.7, 47.2, 1.49, 
30.8, -45.6, 0.592, 
31, -44.2, -0.783, 
31.2, 44.3, -0.876, 
31.4, -44, -0.606, 
31.5, -43.6, -0.0134, 
31.7, -43.7, 0.875, 
31.9, 44.7, 1.64, 
32.1, -44.8, 2.05, 
32.2, 45, 2.2, 
32.4, 44.9, 1.6, 
32.6, -44, 1.24, 
32.7, -43.1, 0.196, 
32.9, 43.6, -0.421, 
33.1, -42.8, -1.2, 
33.3, -41.9, -1.55, 
33.4, -42.1, -1.16, 
33.6, -43, 0.395, 
33.8, 45, 1.43, 
34, 46.4, 2.55, 
34.1, -46.2, 2.79, 
34.3, 46.7, 3.24, 
34.5, -47.2, 3.6, 
34.7, 46.7, 2.76, 
34.8, 46, 1.44, 
35, -44.6, 0.609, 
35.2, -42.9, -0.872, 
35.3, 42.5, -1.86, 
35.5, -42.1, -1.76, 
35.7, -41.6, -1.51, 
35.9, -42.6, 0.11, 
36, 43.8, 0.991, 
36.2, -44.2, 1.33, 
36.4, 45.1, 2.01, 
36.6, 45.5, 1.8, 
36.7, -44.8, 1.94, 
36.9, -43.6, 1.04, 
37.1, 43.5, 0.0115, 
37.3, -42.9, -1.12, 
37.4, -42.4, -2.07, 
37.6, 42.5, -2.62, 
37.8, -42.6, -2.02, 
37.9, -42.4, -1.17, 
38.1, -43.3, 0.414, 
38.3, 45, 1.69, 
38.5, -45.8, 2.32, 
38.6, 46.4, 2.84, 
38.8, -46.9, 3.28, 
39, 47.3, 3.64, 
39.2, 47.7, 3.94, 
39.3, -46.2, 3.28, 
39.5, -44.6, 2.26, 
39.7, 43.8, 0.763, 
39.9, -43.9, 0.416, 
40, 43.3, -0.794, 
40.2, -41.9, -1.83, 
40.4, -41.2, -2.05, 
40.6, -41.5, -1.57, 
40.7, 41.7, -1.16, 
40.9, -42.4, 0.832, 
41.1, -42.3, 2.15, 
41.2, -43.3, 3.07, 
41.4, 45.8, 4.25, 
41.6, -46.4, 4.43, 
41.8, 46.5, 4, 
41.9, 46.6, 3.46, 
42.1, -45.7, 3.29, 
42.3, -44.6, 2.78, 
42.5, -44.1, 1.64, 
42.6, 44.6, 0.464, 
42.8, 45.1, -0.524, 
43, -43.8, -1.03, 
43.2, -42.6, -1.13, 
43.3, -42.4, -0.443, 
43.5, -42.6, 0.733, 
43.7, 43.8, 1.5, 
43.8, 44.5, 2.56, 
44, -43.7, 2.91, 
44.2, -42.6, 2.81, 
44.4, -42.7, 2.45, 
44.5, 42.9, 1.81, 
44.7, -42.7, 0.974, 
44.9, 43, 0.571, 
45.1, -42.3, -0.361, 
45.2, -41.7, -1.13, 
45.4, 42.2, -1.18, 
45.6, -42, -0.479, 
45.8, -42.1, 0.887, 
45.9, 43.1, 2.04, 
46.1, -42.8, 2.16, 
46.3, -42.6, 2.26, 
46.5, 43.1, 1.29, 
46.6, 43.3, 0.848, 
46.8, -42.4, 0.158, 
47, -42, -0.0909, 
47.1, -41.8, -0.458, 
47.3, 43.1, 0.506, 
47.5, 43.6, 0.921, 
47.7, -42.4, 0.497, 
47.8, -41.7, 0.515, 
48, -41.2, -0.397, 
48.2, 41.8, -0.575, 
48.4, -42, -0.353, 
48.5, -41.9, 0.223, 
48.7, 42.4, 0.844, 
48.9, -42.9, 1.38, 
49.1, -43.8, 2.46, 
49.2, 44.6, 1.98, 
49.4, -44.5, 1.41, 
49.6, 44.5, 0.937, 
49.7, -44.5, 0.561, 
49.9, 44.1, -0.249, 
50.1, -43.6, -0.756, 
50.3, -42.6, -1.19, 
50.4, -42.7, -0.857, 
50.6, -43.5, 0.648, 
50.8, 45.9, 2.32, 
51, -47, 3.51, 
51.1, 47.4, 3.83, 
51.3, 48.1, 4.96, 
51.5, -46.7, 4.82, 
51.7, -45.4, 4.05, 
51.8, 45.2, 3.15, 
52, -45, 2.39, 
52.2, 44.4, 1.44, 
52.4, 43.9, 0.658, 
52.5, -42.8, -0.0463, 
52.7, -42, -0.55, 
52.9, -41.2, -0.99, 
53, -41.7, 0.086, 
53.2, 43.1, 0.961, 
53.4, -43.6, 1.3, 
53.6, 43.5, 1.2, 
53.7, 44, 1.49, 
53.9, -42.8, 0.827, 
54.1, -41.9, 0.151, 
54.3, 42.6, -0.479, 
54.4, -42.1, -1.38, 
54.6, -42, -1.19, 
54.8, -42.1, -0.855, 
55, -43.4, 0.194, 
55.1, 44.6, 0.863, 
55.3, -45.4, 1.64, 
55.5, 46.1, 2.29, 
55.6, -46.2, 2.22, 
55.8, 45.9, 1.61, 
56, -46.2, 1.48, 
56.2, 46, 0.837, 
56.3, 45.8, 0.298, 
56.5, -44.9, -0.0202, 
56.7, -43.7, -0.604, 
56.9, -43.9, 0.21, 
57, 44.4, 0.495, 
57.2, -45.3, 1.34, 
57.4, 45.2, 0.722, 
57.6, 45.5, 0.288, 
57.7, -45.1, 0.35, 
57.9, -44.1, -0.716, 
58.1, 44.4, -1.17, 
58.2, -44.3, -1.02, 
58.4, 44.1, -0.719, 
58.6, -44, 0.517, 
58.8, -43.5, 0.901, 
58.9, 44.1, 1.06, 
59.1, -45, 1.8, 
59.3, 44.9, 1.27, 
59.5, 44.8, 0.837, 
59.6, -43.6, 0.1, 
59.8, -42.3, -0.875, 
60, 42.2, -1.28, 
60.2, -42, -0.557, 
60.3, -41.5, -0.35, 
60.5, -42.2, 1.49, 
60.7, 43.8, 2.99, 
60.9, -44.7, 3.57, 
61, -44.9, 3.45, 
61.2, 46.3, 2.97, 
61.4, 48, 2.98, 
61.6, 47.4, 2.23, 
61.7, -46.2, 1.57, 
61.9, -44.8, 0.7, 
62.1, 44.9, 0.0247, 
62.2, 45.1, -0.572, 
62.4, -43.7, -0.782, 
62.6, -42.6, -0.238, 
62.8, -42.1, 0.647, 
62.9, -42, 1.01, 
63.1, 43.3, 1.72, 
63.3, -43.5, 1.82, 
63.5, 43.4, 1.63, 
63.6, -43.8, 1.84, 
63.8, 43.9, 1.31, 
64, 44.4, 1.4, 
64.2, -43.5, 1.23, 
64.3, -42.4, 0.464, 
64.5, 42.8, 0.156, 
64.7, -42.8, 0.252, 
64.8, 42.1, -0.615, 
65, -41.9, -0.895, 
65.2, -41.2, -1.28, 
65.4, -40.8, -1.1, 
65.5, -41.4, -0.0123, 
65.7, -42.5, 1.29, 
65.9, 44.8, 3.35, 
66.1, -45.3, 4.06, 
66.2, 46.6, 4.91, 
66.4, -47.1, 4.98, 
66.6, 47.5, 5.04, 
66.8, 48, 4.72, 
66.9, -47.5, 4.75, 
67.1, 46.7, 4.04, 
67.3, -46.4, 4.02, 
67.4, -45.8, 3.45, 
67.6, 47, 2.99, 
67.8, 46.7, 1.94, 
68, -46.1, 1.7, 
68.1, 45.8, 1.19, 
68.3, -45.1, 0.438, 
68.5, -44, -0.502, 
68.7, -44.1, -0.643, 
68.8, 44.2, -0.761, 
69, -44.3, 0.0867, 
69.2, -44.5, 0.778, 
69.4, 45.6, 1.16, 
69.5, 46.5, 1.49, 
69.7, 45.9, 1.34, 
69.9, -44.3, 0.78, 
70, -43, 0.363, 
70.2, -43, 0.424, 
70.4, 43.9, 0.271, 
70.6, -44, 0.000259, 
70.7, 43.7, -0.71, 
70.9, -43.2, -0.986, 
71.1, -42.6, -0.884, 
71.3, -43, -0.0105, 
71.4, 43.8, 1.33, 
71.6, -44.2, 2.84, 
71.8, -44.8, 3.65, 
72, 45.9, 3.53, 
72.1, 46.8, 3.45, 
72.3, -47, 4.17, 
72.5, -46.3, 3.56, 
72.7, 47.3, 3.09, 
72.8, 48, 3.11, 
73, -47.1, 2.66, 
73.2, -46.4, 2.3, 
73.3, 46.7, 1.87, 
73.5, 47.5, 2.1, 
73.7, -45.9, 1.14, 
73.9, -44.5, 0.348, 
74, -44.2, -0.578, 
74.2, 45.1, -0.729, 
74.4, -45.4, -0.265, 
74.6, 44.9, -0.105, 
74.7, -45.1, 1.69, 
74.9, -45.2, 3.12, 
75.1, 46.5, 4.14, 
75.3, -46.7, 4.73, 
75.4, 41.2, 4.59, 
75.6, -47, 4.72, 
75.8, 47.4, 4.83, 
75.9, -47.7, 4.92, 
76.1, 47.1, 3.87, 
76.3, 46.6, 2.99, 
76.5, -45.8, 2.91, 
76.6, -44.4, 1.83, 
76.8, 44.1, 0.673, 
77, -43.7, -0.152, 
77.2, -43.3, -1.04, 
77.3, -44, -0.737, 
77.5, 45.3, -0.0872, 
77.7, -45.6, 1.29, 
77.9, -46, 2.41, 
78, 47.5, 2.93, 
78.2, 48.1, 2.98, 
78.4, -48, 3.79, 
78.6, 47.7, 3.64, 
78.7, -46.9, 3.11, 
78.9, -46.2, 2.68, 
79.1, 46.1, 1.68, 
79.2, 46.9, 1.93, 
79.4, -46.3, 1.7, 
79.6, -45, 0.539, 
79.8, -45.1, -0.121, 
79.9, 45.4, -1.01, 
80.1, -45.3, -1.06, 
80.3, -44.9, -0.765, 
80.5, 45.7, 0.331, 
80.6, 0.391, 1.91, 
80.8, -46.9, 2.91, 
81, 47.3, 3.35, 
81.2, 47.7, 3.69, 
81.3, -47.4, 4.74, 
81.5, -46.4, 4.35, 
81.7, 47.2, 4.13, 
81.8, 43.9, 3.21, 
82, -45.5, 2.55, 
82.2, -44.6, 1.87, 
82.4, -44.8, 0.974, 
82.5, 45.4, -0.426, 
82.7, -46.6, -0.225, 
82.9, 46.9, -0.221, 
83.1, -47, 1.18, 
83.2, -46.1, 1.4, 
83.4, 46.6, 2.1, 
83.6, -46.8, 3.07, 
83.8, -46.3, 2.93, 
83.9, 47.1, 2.96, 
84.1, 47.2, 2.6, 
84.3, -46.2, 2.57, 
84.5, -45.4, 2.05, 
84.6, 45.1, 1.08, 
84.8, -45, 0.669, 
85, -44.6, -0.31, 
85.1, -45.3, -0.309, 
85.3, 46.2, 0.286, 
85.5, 46.8, 1.19, 
85.7, -45.6, 1.74, 
85.8, -44.9, 1.89, 
86, 45.2, 1.88, 
86.2, -46, 2.48, 
86.4, -29.3, 1.84, 
86.5, 46.2, 1.3, 
86.7, -45.9, 0.851, 
86.9, 46.3, 0.664, 
87.1, -46, 0.319, 
87.2, 45, -0.916, 
87.4, -44.2, -1.01, 
87.6, -43.7, -0.376, 
87.7, -43.8, 0.593, 
87.9, 44.4, 1.3, 
88.1, -45, 2.41, 
88.3, -44.9, 2.86, 
88.4, 46, 2.88, 
88.6, -46.6, 3.31, 
88.8, 47, 3.67, 
89, -46.4, 3.15, 
89.1, -45.8, 2.72, 
89.3, 46.7, 2.78, 
89.5, -46.3, 2.08, 
89.7, -46.5, 1.87, 
89.8, 47.1, 0.971, 
90, 47.9, 0.964, 
90.2, -47.4, 0.559, 
90.4, -46.2, -0.732, 
90.5, 46.2, -1.18, 
90.7, -45.6, -0.867, 
90.9, -44.9, -0.259, 
91, -45.6, 2.11, 
91.2, 46.3, 2.67, 
91.4, -42.6, 4.01, 
91.6, -47.9, 5.11, 
91.7, 49.4, 6.05, 
91.9, 49.4, 5.93, 
92.1, -48.9, 6.56, 
92.3, -48.2, 6.27, 
92.4, 48.6, 5.75, 
92.6, -48.9, 5.5, 
92.8, 49.2, 5.11, 
93, -49.5, 4.79, 
93.1, 49.7, 4.53, 
93.3, -48.8, 3.53, 
93.5, 48.1, 2.54, 
93.6, -47.5, 1.87, 
93.8, 47.2, 0.994, 
94, -42.7, 0.586, 
94.2, -45.6, -0.674, 
94.3, -45.6, -1.13, 
94.5, 46.5, -0.391, 
94.7, -46.7, 1.07, 
94.9, 46.8, 2.26, 
95, -46.7, 3.56, 
95.2, -46.3, 3.8, 
95.4, 47.3, 4.18, 
95.6, -47.6, 4.38, 
95.7, -47.9, 4.55, 
95.9, 48.7, 3.95, 
96.1, 49.3, 3.45, 
96.3, -48.4, 2.63, 
96.4, 48, 1.63, 
96.6, -46.7, 1.11, 
96.8, 40.7, 0.356, 
96.9, -45.9, -0.886, 
97.1, -45, -1.92, 
97.3, 44.8, -1.81, 
97.5, -45, 0.344, 
97.6, -45.1, 2.06, 
97.8, 45.9, 2.62, 
98, 46.5, 3.1, 
98.2, -45.6, 2.99, 
98.3, -44.9, 2.92, 
98.5, 45.4, 2.56, 
98.7, -45.2, 1.91, 
98.9, -45, 1.34, 
99, -45.4, 0.259, 
99.2, 46.7, -1.13, 
99.4, 48, -1.18, 
99.5, -47.2, -0.896, 
99.7, -46.5, -0.646, 
99.9, -46.6, 0.844, 
100, 47.1, 1.65, 
100, 47.9, 2.98, 
100, -47.6, 4.17, 
101, -47.4, 5.13, 
101, 47.7, 5.17, 
101, -48, 5.2, 
101, 42.3, 4.63, 
101, -47.5, 4.34, 
101, 20.4, 3.4, 
102, 46.5, 2.6, 
102, -45.8, 2.25, 
102, -45.3, 1.98, 
102, -45.1, 0.481, 
102, -45.9, -0.291, 
102, 49.1, -0.557, 
103, 50.9, 0.594, 
103, -50.1, 0.968, 
103, -49.5, 1.11, 
103, 50, 1.11, 
103, 49.9, 1.11, 
104, -49, 0.285, 
104, -48.2, -0.0229, 
104, 48.2, -0.587, 
104, -47.9, -0.152, 
104, -47.1, -0.0438, 
104, 47.2, 1.33, 
105, -47, 2.84, 
105, -46.8, 4.06, 
105, 47.3, 4.28, 
105, 47.9, 4.78, 
105, -47.6, 5.64, 
105, -46.6, 5.09, 
106, 47.1, 5.13, 
106, -47.5, 5.16, 
106, 47.4, 4.44, 
106, -47.8, 4.6, 
106, 47.1, 3.62, 
106, -46.6, 2.79, 
107, 46.8, 2.46, 
107, -46.5, 1.65, 
107, 45.9, 0.361, 
107, -45.4, -0.573, 
107, -45, -1.36, 
108, 45.1, -1.71, 
108, -44.8, -1.29, 
108, -44.7, -0.139, 
108, -45.4, 2.18, 
108, 46.8, 3.18, 
108, 48.2, 4.95, 
109, -47.9, 5.75, 
109, -48.2, 6.92, 
109, 49.7, 7.54, 
109, 50.3, 7.61, 
109, -49.6, 6.8, 
109, 48.6, 5.44, 
110, -48, 4, 
110, 47.6, 2.79, 
110, -46.9, 1.17, 
110, -46.5, -0.349, 
110, 46.6, -1.53, 
110, -46.7, -1.84, 
111, 46.3, -1.76, 
111, -46.5, -0.0318, 
111, -45.6, 0.417, 
111, 46.2, 1.29, 
111, -46.8, 2.01, 
112, 47.8, 3.05, 
112, 48.1, 3.46, 
112, -47.4, 3.88, 
112, -46.4, 3.63, 
112, 47.2, 3.54, 
112, 47.2, 3.09, 
113, -46.6, 3.02, 
113, -46, 2.6, 
113, 46.1, 1.3, 
113, -46.2, 0.355, 
113, -45.9, -1.03, 
113, 47, -1.83, 
114, 47.9, -1.34, 
114, -47, -0.853, 
114, -46, -0.265, 
114, -45.7, 0.671, 
114, 46.3, 1.5, 
114, 47.3, 2.87, 
115, -47.1, 4.08, 
115, -47, 5.07, 
115, 47.4, 5.12, 
115, -47.7, 5.16, 
115, 48, 5.19, 
116, 47.9, 4.47, 
116, -46.9, 3.95, 
116, -46.2, 3.38, 
116, 46.7, 2.6, 
116, -46.5, 1.61, 
116, 46, 0.0359, 
117, 44.6, -1.31, 
117, -44.4, -2.28, 
117, -43.1, -2.93, 
117, -42.8, -2.56, 
117, -42.8, -1.97, 
117, 43.6, -0.233, 
118, -44, 1.6, 
118, -44.6, 4.01, 
118, 46.5, 5.54, 
118, -47.4, 6.34, 
118, 47.7, 6.17, 
118, 47.7, 6.39, 
119, -47, 6.47, 
119, -46, 5.8, 
119, 45.9, 4.88, 
119, 44.1, 4.95, 
119, -45.5, 4.26, 
120, -44.6, 3.16, 
120, 45.5, 2.22, 
120, -44.8, 1.6, 
120, 46.3, 0.465, 
120, 46.3, -0.89, 
120, -45.1, -1.65, 
121, -44.2, -1.95, 
121, -44.2, -1.84, 
121, 45.1, -0.546, 
121, -45.2, 1.34, 
121, -45.3, 2.84, 
121, 47.4, 4.15, 
122, 47.7, 4.36, 
122, -47.2, 4.45, 
122, 46.4, 3.79, 
122, -45.8, 3.25, 
122, -45.8, 2.74, 
122, 47, 2.4, 
123, 47.6, 1.87, 
123, -47.1, 1.32, 
123, -45.8, 0.225, 
123, 46.7, -1.05, 
123, -46.2, -1.93, 
123, 45.5, -2.34, 
124, -45.8, -0.515, 
124, -45.1, 0.0273, 
124, 46.1, 0.557, 
124, 46.6, 1.41, 
124, -46.4, 1.86, 
125, -46.3, 2.04, 
125, 46.4, 0.827, 
125, 46.5, -0.206, 
125, -45.1, -0.804, 
125, -43.7, -0.98, 
125, -43.3, -0.322, 
126, -43.4, 0.637, 
126, 44.7, 1.76, 
126, -34.7, 3.74, 
126, 47, 4.02, 
126, -47.3, 4.44, 
126, -47.6, 4.6, 
127, 48.7, 3.61, 
127, 50.1, 3.36, 
127, -49.9, 2.5, 
127, -49.4, 1.2, 
127, 50.6, 0.0446, 
127, 51.1, -1.38, 
128, -49.9, -2.27, 
128, -48.7, -2.7, 
128, 47.1, -1.62, 
128, -48.3, -0.641, 
128, -47.9, 1.27, 
129, -48.1, 2.02, 
129, 49.4, 2.23, 
129, 51, 3.32, 
129, 50.7, 3.68, 
129, -49.2, 3.39, 
129, -47.6, 2.63, 
130, -29.2, 1.64, 
130, 47.2, 0.486, 
130, -47, -0.164, 
130, 25.9, -0.717, 
130, -47.4, -0.0245, 
130, 45.5, 0.0379, 
131, -47.8, 0.995, 
131, 47.6, 0.511, 
131, -47.3, -0.148, 
131, 47, -0.696, 
131, -46.4, -0.483, 
131, -46, -0.00384, 
132, 46.4, 1.16, 
132, -46.6, 2.31, 
132, 47.5, 3.51, 
132, 48.3, 4.48, 
132, -47.2, 4.11, 
133, -46.5, 3.52, 
133, 47.5, 3.06, 
133, 47.2, 2, 
133, -46.2, 1.08, 
133, -45.2, -0.267, 
133, -45.5, -1.14, 
134, 46.4, -1.55, 
134, 47.1, -0.719, 
134, -46.1, 0.494, 
134, -45.1, 1.19, 
134, 45.8, 1.92, 
134, -46.1, 2.91, 
135, -46.1, 2.92, 
135, 47.2, 2.55, 
135, 48.1, 2.27, 
135, -47.5, 1.65, 
135, -46.9, 1.14, 
135, 47.9, 0.439, 
136, 49.2, -0.249, 
136, -49.4, 0.377, 
136, 49.2, 0.278, 
136, -48.6, -0.351, 
136, 40.2, -0.875, 
137, 48.6, -0.143, 
137, -47.2, 0.61, 
137, -46, 1.25, 
137, 46.3, 1.18, 
137, 21.8, 1.52, 
137, -46.2, 0.531, 
138, 45.8, -0.579, 
138, -45.6, -1.29, 
138, -45, -1.81, 
138, 45.7, -1.73, 
138, 46.3, -0.441, 
138, -45.4, 1.29, 
139, -44.7, 2.69, 
139, -44.4, 2.91, 
139, 47.3, 3.71, 
139, 49.2, 4.45, 
139, -48.4, 3.46, 
139, 47.9, 2.33, 
140, 20.9, 1.73, 
140, -47.6, 0.867, 
140, -47.1, -0.602, 
140, -47.9, -1.44, 
140, 50.6, -1.12, 
140, 51.2, -1.11, 
141, -50.5, 0.437, 
141, -30.4, 0.393, 
141, -49.1, 0.59, 
141, 50.1, 0.295, 
141, 51.3, 0.45, 
142, -50.5, -0.387, 
142, -44.4, -0.923, 
142, 50.2, -0.562, 
142, 49.9, -0.678, 
142, -48.3, 0.125, 
142, -47.3, 1.51, 
143, -47.1, 2.25, 
143, 48.4, 2.83, 
143, 49.1, 2.52, 
143, -49.1, 3.02, 
143, -48.1, 2.02, 
143, 49.1, 1.45, 
144, -48.6, 0.107, 
144, 48.5, -1.13, 
144, -48.3, -1.85, 
144, -47.9, -2.12, 
144, 48.2, -2.15, 
144, 48.7, -1.38, 
145, -47.3, -0.411, 
145, -46.5, 1.56, 
145, -46.7, 2.64, 
145, 47.9, 3.35, 
145, 48.8, 4.17, 
146, -47.5, 3.83, 
146, 46.8, 3.29, 
146, -46.1, 2.83, 
146, -45.3, 1.82, 
146, -45.6, 0.632, 
146, -46.8, -0.624, 
147, 48.6, -1.58, 
147, 49.8, -1.91, 
147, 49.6, -0.58, 
147, -47.8, 0.541, 
147, -46.3, 1.52, 
147, -45.5, 1.69, 
148, 45.7, 1.72, 
148, -45.8, 1.93, 
148, -45.5, 1.37, 
148, 47, 0.868, 
148, 47.6, 0.137, 
148, -47.3, -0.451, 
149, 47, -0.948, 
149, -46.6, -1.02, 
149, 46, -1.08, 
149, -45.6, -0.787, 
149, -44.9, -0.193, 
150, -45.4, 1.27, 
150, 46.7, 2.39, 
150, 47.7, 3.35, 
150, -47.2, 3.62, 
150, -45.4, 3.5, 
150, 47.6, 2.87, 
151, 47.7, 2.35, 
151, -46.9, 2.04, 
151, -46.5, 1.46, 
151, -44.3, 0.332, 
151, -47.1, -1.28, 
151, 48.3, -2.56, 
152, 49.5, -2.73, 
152, -49, -1.92, 
152, -48, -1.52, 
152, 48.2, -0.251, 
152, -48, 1.16, 
152, 47.9, 2.3, 
153, -47.8, 3.42, 
153, 42.4, 3.68, 
153, -47.3, 4.35, 
153, 47.5, 4.53, 
153, -47.7, 4.46, 
154, -47.1, 3.49, 
154, 47.5, 2.52, 
154, 47.3, 1.89, 
154, -46.3, 0.661, 
154, -45, -0.344, 
154, -45.6, -0.332, 
155, 46.5, 0.276, 
155, 47, 1.19, 
155, -46.6, 1.86, 
155, -45.9, 1.64, 
155, 23.3, 0.962, 
155, 47.1, 0.397, 
156, -46.4, -0.568, 
156, -45.4, -1.65, 
156, -46, -1.01, 
156, 46.8, -0.269, 
156, -32.8, 0.728, 
156, 47.9, 2.46, 
157, -47.8, 3.36, 
157, -47.4, 3.45, 
157, 48.3, 3.02, 
157, 49.3, 3.49, 
157, -48.8, 3.37, 
158, 48, 2.58, 
158, -47.9, 2.28, 
158, -47.3, 1.18, 
158, 47.4, -0.228, 
158, -47.6, -0.851, 
158, 47.3, -1.29, 
159, -47.2, -0.732, 
159, 47.4, 0.375, 
159, -47.5, 1.68, 
159, 47.8, 2.32, 
159, -48.1, 2.86, 
159, 48, 2.52, 
160, -47.7, 2.41, 
160, 48, 2.34, 
160, 46.1, 1.39, 
160, -46.3, 0.852, 
160, -45.1, -0.161, 
160, -45.2, -0.699, 
161, 45.8, -0.623, 
161, -46.4, 0.454, 
161, 46.7, 1.53, 
161, -46.9, 2.6, 
161, -46.2, 2.26, 
161, 47.3, 2.01, 
162, 47.9, 1.63, 
162, -47.3, 1.12, 
162, 46.7, 0.195, 
162, -46.5, -0.235, 
162, -46.1, -0.428, 
163, -39.2, -0.392, 
163, 47.2, 0.228, 
163, 48.2, 1.63, 
163, -47.5, 2.21, 
163, -46.9, 2.29, 
163, 47.8, 2.05, 
164, 48.5, 2.06, 
164, -47.9, 2.37, 
164, -47.1, 2.05, 
164, 47.5, 1.32, 
164, 47.9, 0.704, 
164, -47.3, 0.338, 
165, -46.5, -0.61, 
165, 46.1, -1.41, 
165, -46.3, -1.4, 
165, 46.2, -0.628, 
165, -46.1, 1.3, 
165, -45.7, 2.12, 
166, 46.6, 2.29, 
166, 47.4, 2.43, 
166, -46.4, 2.43, 
166, -45.8, 2.12, 
166, 47, 1.89, 
167, 47.6, 1.52, 
167, -47.2, 1.38, 
167, -46.4, 0.418, 
167, 44.3, -0.173, 
167, -47.1, -0.716, 
167, 34.1, -0.44, 
168, -46.5, -0.265, 
168, -46.8, 0.94, 
168, 47.5, 1.33, 
168, 48.1, 1.65, 
168, -47.5, 2.22, 
168, -47, 2.69, 
169, 47.9, 2.38, 
169, 48.5, 2.33, 
169, -47.6, 2.01, 
169, -46.5, 1.23, 
169, 46.5, 0.292, 
169, -46.9, 0.0233, 
170, -46.6, -0.952, 
170, -47.5, -1.75, 
170, 49.1, -1.7, 
170, 49.6, -1.21, 
170, -49, 0.775, 
171, -48.3, 2.57, 
171, 48.9, 3.75, 
171, -49.3, 4.9, 
171, 48.8, 4.55, 
171, -48.6, 5.06, 
171, 48.7, 5.11, 
172, -48.3, 4.72, 
172, 46.9, 4.41, 
172, -47, 3.75, 
172, -46.6, 2.9, 
172, 47.3, 1.67, 
172, 47.9, 0.635, 
173, -47.6, -0.036, 
173, -47.2, -0.614, 
173, 47.5, -0.722, 
173, -47.5, 0.144, 
173, -47.5, 0.857, 
173, 48.5, 0.679, 
174, 49.1, 0.743, 
174, -48.1, 0.17, 
174, -47.1, -0.619, 
174, -47.6, -0.913, 
174, 48.4, -0.576, 
175, -49.1, 0.983, 
175, 49.7, 2.26, 
175, 49.6, 2.81, 
175, -48.3, 2.7, 
175, -47.4, 2.32, 
175, 48.3, 2.08, 
176, 44.3, 1.61, 
176, -48, 1.09, 
176, -47.1, 0.00858, 
176, -47.3, -1.22, 
176, -47.8, -2.58, 
176, 49.1, -2.76, 
177, 50.2, -1.63, 
177, -49.6, 0.241, 
177, -49.1, 1.73, 
177, 49.4, 2, 
177, 50, 3.09, 
177, -49.6, 3.87, 
178, -48.5, 3.27, 
178, 49.1, 2.89, 
178, 49.7, 2.58, 
178, -48.4, 1.38, 
178, -47.7, 0.892, 
179, -48.2, 0.167, 
179, -49.7, -0.865, 
179, -51.1, -2.06, 
179, 53.4, -1.96, 
179, 54.6, -1.55, 
179, 53.7, -0.342, 
180, -51.3, 1.65, 
180, -49.2, 3.54, 
180, -48.7, 4.61, 
180, 49.4, 5.2, 
180, 49.4, 5.23, 
180, -48.5, 5.32, 
181, -47.8, 5.23, 
181, 48.3, 4.34, 
181, 49, 3.76, 
181, -48.2, 2.9, 
181, -47.1, 1.69, 
181, -47.3, 0.202, 
182, -49.2, -1.25, 
182, -51.3, -2.58, 
182, 53.9, -2.83, 
182, 55.3, -2.04, 
182, 54.5, -1.11, 
182, -52.5, 0.471, 
183, -51.1, 2.45, 
183, 50.8, 2.96, 
183, 50.5, 3.38, 
183, -49.4, 3.77, 
183, -48.6, 3.95, 
184, 48.1, 2.72, 
184, -47.7, 1.71, 
184, 48.5, 1.59, 
184, 48.5, 1.11, 
184, -47.5, 0.165, 
184, -46.7, -0.759, 
185, -46.8, -1.54, 
185, 42.3, -1.68, 
185, 46.3, -1, 
185, -46.3, -0.079, 
185, -45, 1.05, 
185, -45.2, 2.61, 
186, 46.7, 3.29, 
186, 48.2, 4.22, 
186, -47.9, 4.56, 
186, -47, 3.87, 
186, 47.9, 3.37, 
186, 48.1, 2.6, 
187, -47.2, 2.23, 
187, -46.7, 1.62, 
187, -46.8, 0.467, 
187, -47.3, -1.16, 
187, -48.9, -2, 
188, 51.7, -2, 
188, 52.7, -1.4, 
188, -51.4, -0.532, 
188, -50.5, 0.644, 
188, 51, 1.77, 
188, 51.6, 2.5, 
189, -50.9, 3.37, 
189, 48.9, 3.25, 
189, -49.4, 3.17, 
189, -49.1, 3.33, 
189, -49.1, 2.42, 
189, 50.4, 1.06, 
190, 52.3, 0.751, 
190, -52.2, 0.453, 
190, -51.8, -0.86, 
190, -52, -1.96, 
190, -52.8, -2.56, 
190, 54.7, -2.31, 
191, 56.5, -0.916, 
191, -55.2, 0.892, 
191, 54.4, 1.98, 
191, 54.4, 4.06, 
191, -53, 5.11, 
192, -51.9, 5.83, 
192, 51.7, 5.39, 
192, 51.5, 5.03, 
192, -50.6, 5.19, 
192, -49.1, 4.17, 
192, 48.9, 3.44, 
193, -48.4, 2.31, 
193, -48.3, 1.37, 
193, -49.1, 0.378, 
193, 50.6, -0.861, 
193, 50.8, -1.79, 
193, -49.7, -1.62, 
194, -48.5, -1.12, 
194, 48.3, 0.443, 
194, -48, 1.93, 
194, -47.5, 2.27, 
194, 48.4, 2.05, 
194, 49.4, 2.69, 
195, -48.5, 2.13, 
195, -47.2, 0.811, 
195, -47.9, -0.0808, 
195, -49.2, -0.685, 
195, 50.2, -1.16, 
196, 50.6, -0.75, 
196, -49.7, 1.21, 
196, -48.5, 2.3, 
196, 48.7, 2.85, 
196, -4.21, 3.3, 
196, -47.8, 2.81, 
197, 48.3, 2.88, 
197, -20.9, 2.94, 
197, 48.5, 2.58, 
197, -48.2, 2.46, 
197, -47.8, 1.5, 
197, 48.4, 0.331, 
198, -48.9, -0.472, 
198, 48.7, -1.38, 
198, -48.5, -1.74, 
198, 48.3, -1.28, 
198, -48.1, 0.341, 
198, -47, 0.686, 
199, 47.4, 0.917, 
199, -47.8, 1.52, 
199, 48.4, 1.81, 
199, 48.8, 2.06, 
199, -47.5, 1.25, 
199, -46.9, 0.799, 
200, -47.2, -0.551, 
200, -48.3, -1.35, 
200, 49.6, -1.73, 
200, 51.3, -0.345, 
200, -50, 0.704, 
201, -48.9, 1.76, 
201, 48.9, 2.4, 
201, -49, 2.93, 
201, 48.7, 2.57, 
201, 48.4, 2.45, 
201, -47.4, 2.19, 
202, -46.9, 1.58, 
202, -47.6, 0.563, 
202, -49.2, -0.545, 
202, 50.7, -1.82, 
202, 51.5, -2.07, 
