#ssr105
0, 0.896226570899, 
0.18, 0.0, 
0.35, 0.0, 
0.51, 0.700531528519, 
0.69, 0.652316807933, 
0.86, 0.595593607243, 
1, 0.44811328545, 
1.2, 0.351683844277, 
1.4, 0.260926723173, 
1.6, 0.187186562276, 
1.7, 0.116282561414, 
1.9, 0.0680678408278, 
2.1, 0.0397062404829, 
2.2, 0.0340339204139, 
2.4, 0.0340339204139, 
2.6, 0.0453785605519, 
2.8, 0.0567232006898, 
2.9, 0.0680678408278, 
3.1, 0.102101761242, 
3.3, 0.124791041518, 
3.5, 0.170169602069, 
3.6, 0.22122048269, 
3.8, 0.181514242207, 
4, 0.158824961931, 
4.2, 0.238237442897, 
4.3, 0.292124483553, 
4.5, 0.374373124553, 
4.7, 0.453785605519, 
4.9, 0.521853446346, 
5, 0.572904326967, 
5.2, 0.623955207588, 
5.4, 0.640972167795, 
5.5, 0.655152967967, 
5.7, 0.714712328692, 
5.9, 0.748746249106, 
6.1, 0.791288649623, 
6.2, 0.794124809657, 
6.4, 0.794124809657, 
6.6, 0.782780169519, 
6.8, 0.675006088209, 
6.9, 0.589921287174, 
7.1, 0.567232006898, 
7.3, 0.570068166933, 
7.5, 0.521853446346, 
7.6, 0.363028484415, 
7.8, 0.158824961931, 
8, 0.11344640138, 
8.2, 0.0907571211037, 
8.3, 0.011344640138, 
8.5, 0.0, 
8.7, 0.102101761242, 
8.8, 0.102101761242, 
9, 0.153152641863, 
9.2, 0.232565122828, 
9.4, 0.294960643587, 
9.5, 0.346011524208, 
9.7, 0.397062404829, 
9.9, 0.453785605519, 
10, 0.49916416607, 
10, 0.544542726622, 
10, 0.55588736676, 
11, 0.584248967105, 
11, 0.584248967105, 
11, 0.55588736676, 
11, 0.533198086484, 
11, 0.442440965381, 
11, 0.431096325243, 
12, 0.465130245656, 
12, 0.487819525932, 
12, 0.516181126277, 
12, 0.544542726622, 
12, 0.550215046691, 
12, 0.533198086484, 
13, 0.521853446346, 
13, 0.547378886657, 
13, 0.544542726622, 
13, 0.521853446346, 
13, 0.538870406553, 
14, 0.487819525932, 
14, 0.351683844277, 
14, 0.181514242207, 
14, 0.011344640138, 
14, -0.0170169602069, 
14, 0.0907571211037, 
15, 0.0907571211037, 
15, 0.0340339204139, 
15, 0.0453785605519, 
15, 0.11344640138, 
15, 0.119118721449, 
15, 0.0822486410002, 
16, 0.011344640138, 
16, -0.011344640138, 
16, -0.0226892802759, 
16, -0.0567232006898, 
16, -0.0907571211037, 
16, -0.0680678408278, 
17, -0.0680678408278, 
17, -0.0340339204139, 
17, 0.0, 
17, 0.102101761242, 
17, 0.147480321794, 
18, 0.198531202414, 
18, 0.238237442897, 
18, 0.260926723173, 
18, 0.226892802759, 
18, 0.266599043242, 
18, 0.340339204139, 
19, 0.385717764691, 
19, 0.41691552507, 
19, 0.453785605519, 
19, 0.487819525932, 
19, 0.533198086484, 
19, 0.561559686829, 
20, 0.521853446346, 
20, 0.439604805346, 
20, 0.351683844277, 
20, 0.272271363311, 
20, 0.238237442897, 
20, 0.27794368338, 
21, 0.328994564001, 
21, 0.397062404829, 
21, 0.49916416607, 
21, 0.589921287174, 
21, 0.635299847726, 
22, 0.66933376814, 
22, 0.714712328692, 
22, 0.717548488726, 
22, 0.657989128002, 
22, 0.623955207588, 
22, 0.606938247381, 
23, 0.601265927312, 
23, 0.578576647036, 
23, 0.521853446346, 
23, 0.377209284587, 
23, 0.198531202414, 
23, 0.192858882345, 
24, 0.204203522483, 
24, 0.215548162621, 
24, 0.294960643587, 
24, 0.294960643587, 
24, 0.260926723173, 
24, 0.22122048269, 
25, 0.181514242207, 
25, 0.102101761242, 
25, 0.0567232006898, 
25, 0.0680678408278, 
25, 0.102101761242, 
26, 0.102101761242, 
26, 0.0737401608968, 
26, 0.0567232006898, 
26, 0.0340339204139, 
26, 0.00567232006898, 
26, -0.0226892802759, 
27, -0.0567232006898, 
27, -0.0340339204139, 
27, -0.0794124809657, 
27, -0.0680678408278, 
27, -0.0964294411727, 
27, -0.0907571211037, 
28, -0.0567232006898, 
28, -0.0794124809657, 
28, -0.0170169602069, 
28, 0.0992656012072, 
28, 0.170169602069, 
28, 0.170169602069, 
29, 0.181514242207, 
29, 0.164497282, 
29, 0.136135681656, 
29, 0.119118721449, 
29, 0.102101761242, 
29, 0.0680678408278, 
30, 0.0567232006898, 
30, 0.011344640138, 
30, -0.0283616003449, 
30, -0.0567232006898, 
30, -0.0340339204139, 
31, -0.00567232006898, 
31, 0.0453785605519, 
31, 0.0198531202414, 
31, -0.0170169602069, 
31, -0.0368700804484, 
31, 0.0226892802759, 
32, 0.0, 
32, -0.011344640138, 
32, 0.011344640138, 
32, 0.0453785605519, 
32, 0.0680678408278, 
32, 0.0567232006898, 
33, 0.0907571211037, 
33, 0.136135681656, 
33, 0.181514242207, 
33, 0.215548162621, 
33, 0.260926723173, 
33, 0.294960643587, 
34, 0.337503044104, 
34, 0.351683844277, 
34, 0.368700804484, 
34, 0.397062404829, 
34, 0.374373124553, 
35, 0.380045444622, 
35, 0.402734724898, 
35, 0.442440965381, 
35, 0.402734724898, 
35, 0.351683844277, 
35, 0.323322243932, 
36, 0.385717764691, 
36, 0.453785605519, 
36, 0.578576647036, 
36, 0.652316807933, 
36, 0.697695368485, 
36, 0.72605696883, 
37, 0.66933376814, 
37, 0.657989128002, 
37, 0.655152967967, 
37, 0.657989128002, 
37, 0.657989128002, 
37, 0.623955207588, 
38, 0.623955207588, 
38, 0.61261056745, 
38, 0.544542726622, 
38, 0.397062404829, 
38, 0.226892802759, 
39, 0.0794124809657, 
39, 0.0226892802759, 
39, 0.136135681656, 
39, 0.204203522483, 
39, 0.215548162621, 
39, 0.215548162621, 
40, 0.124791041518, 
40, 0.0794124809657, 
40, 0.0964294411727, 
40, 0.136135681656, 
40, 0.119118721449, 
40, 0.147480321794, 
41, 0.136135681656, 
41, 0.0907571211037, 
41, 0.0907571211037, 
41, 0.11344640138, 
41, 0.0907571211037, 
41, 0.0623955207588, 
42, 0.0453785605519, 
42, 0.0794124809657, 
42, 0.0680678408278, 
42, -0.0340339204139, 
42, -0.0680678408278, 
43, -0.0907571211037, 
43, -0.107774081311, 
43, -0.0794124809657, 
43, -0.0510508806208, 
43, -0.0680678408278, 
43, -0.0453785605519, 
44, -0.011344640138, 
44, -0.0453785605519, 
44, -0.011344640138, 
44, 0.011344640138, 
44, 0.0453785605519, 
44, 0.0850848010347, 
45, 0.124791041518, 
45, 0.124791041518, 
45, 0.107774081311, 
45, 0.0737401608968, 
45, 0.0453785605519, 
45, 0.0340339204139, 
46, 0.011344640138, 
46, -0.0453785605519, 
46, -0.011344640138, 
46, -0.0567232006898, 
46, -0.124791041518, 
47, -0.0907571211037, 
47, -0.0680678408278, 
47, -0.0226892802759, 
47, -0.0340339204139, 
47, -0.0453785605519, 
47, -0.0283616003449, 
48, 0.0226892802759, 
48, 0.0680678408278, 
48, 0.0567232006898, 
48, 0.0340339204139, 
48, 0.0, 
48, 0.0340339204139, 
49, 0.0226892802759, 
49, -0.011344640138, 
49, -0.0453785605519, 
49, -0.0680678408278, 
49, -0.119118721449, 
49, -0.0453785605519, 
50, -0.0567232006898, 
50, -0.0907571211037, 
50, -0.0850848010347, 
50, -0.11344640138, 
50, -0.0964294411727, 
50, -0.0680678408278, 
51, -0.141808001725, 
51, -0.153152641863, 
51, -0.124791041518, 
51, -0.11344640138, 
51, -0.0907571211037, 
52, -0.0794124809657, 
52, -0.0794124809657, 
52, -0.0794124809657, 
52, -0.0964294411727, 
52, -0.0935932811382, 
52, -0.0907571211037, 
53, -0.0794124809657, 
53, -0.0907571211037, 
53, -0.0794124809657, 
53, -0.0680678408278, 
53, -0.0737401608968, 
53, -0.0794124809657, 
54, -0.0680678408278, 
54, -0.0709040008623, 
54, -0.0709040008623, 
54, -0.0794124809657, 
54, -0.0794124809657, 
54, -0.0907571211037, 
55, -0.0907571211037, 
55, -0.0794124809657, 
55, -0.0737401608968, 
55, -0.0680678408278, 
55, -0.0794124809657, 
56, -0.0907571211037, 
56, -0.0737401608968, 
56, -0.0794124809657, 
56, -0.104937921276, 
56, -0.102101761242, 
56, -0.102101761242, 
57, -0.0964294411727, 
57, -0.0964294411727, 
57, -0.0907571211037, 
57, -0.0907571211037, 
57, -0.0907571211037, 
57, -0.0907571211037, 
58, -0.0907571211037, 
58, -0.0907571211037, 
58, -0.0907571211037, 
58, -0.0907571211037, 
58, -0.0907571211037, 
58, -0.0794124809657, 
59, -0.0907571211037, 
59, -0.0907571211037, 
59, -0.0907571211037, 
59, -0.0907571211037, 
59, -0.0907571211037, 
60, -0.0907571211037, 
60, -0.0907571211037, 
60, -0.0794124809657, 
60, -0.0794124809657, 
60, -0.0794124809657, 
60, -0.0794124809657, 
61, -0.0737401608968, 
61, -0.0737401608968, 
61, -0.0709040008623, 
61, -0.0709040008623, 
61, -0.0680678408278, 
61, -0.0680678408278, 
62, -0.0680678408278, 
62, -0.0737401608968, 
62, -0.0680678408278, 
62, -0.0680678408278, 
62, -0.0680678408278, 
62, -0.0737401608968, 
63, -0.0737401608968, 
63, -0.0680678408278, 
63, -0.0680678408278, 
63, -0.0680678408278, 
63, -0.0680678408278, 
64, -0.0680678408278, 
64, -0.0538870406553, 
64, -0.0510508806208, 
64, -0.0510508806208, 
64, -0.0510508806208, 
64, -0.0510508806208, 
65, -0.0510508806208, 
65, -0.0510508806208, 
65, -0.0567232006898, 
65, -0.0567232006898, 
65, -0.0680678408278, 
65, -0.0567232006898, 
66, -0.0510508806208, 
66, -0.0510508806208, 
66, -0.0623955207588, 
66, -0.0680678408278, 
66, -0.0680678408278, 
66, -0.0567232006898, 
67, -0.0567232006898, 
67, -0.0567232006898, 
67, -0.0510508806208, 
67, -0.0482147205863, 
67, -0.0510508806208, 
67, -0.0680678408278, 
68, -0.0680678408278, 
68, -0.0680678408278, 
68, -0.0709040008623, 
68, -0.0680678408278, 
68, -0.0680678408278, 
69, -0.0737401608968, 
69, -0.0907571211037, 
69, -0.0794124809657, 
69, -0.0907571211037, 
69, -0.0907571211037, 
69, -0.0907571211037, 
70, -0.0907571211037, 
70, -0.0907571211037, 
70, -0.0907571211037, 
70, -0.0907571211037, 
70, -0.0907571211037, 
70, -0.0907571211037, 
71, -0.0907571211037, 
71, -0.0907571211037, 
71, -0.0907571211037, 
71, -0.0907571211037, 
71, -0.0964294411727, 
71, -0.0964294411727, 
72, -0.0964294411727, 
72, -0.0510508806208, 
72, -0.0453785605519, 
72, -0.0510508806208, 
72, -0.0680678408278, 
73, -0.0680678408278, 
73, -0.0680678408278, 
73, -0.0680678408278, 
73, -0.0680678408278, 
73, -0.0680678408278, 
73, -0.0680678408278, 
74, -0.0680678408278, 
74, -0.0680678408278, 
74, -0.0680678408278, 
74, -0.0680678408278, 
74, -0.0680678408278, 
74, -0.0680678408278, 
75, -0.0680678408278, 
75, -0.0680678408278, 
75, -0.0680678408278, 
75, -0.0680678408278, 
75, -0.0680678408278, 
75, -0.0680678408278, 
76, -0.0680678408278, 
76, -0.0680678408278, 
76, -0.0453785605519, 
76, -0.0283616003449, 
76, -0.0283616003449, 
77, -0.0397062404829, 
77, -0.0340339204139, 
77, -0.0226892802759, 
77, -0.0453785605519, 
77, -0.0340339204139, 
77, -0.0453785605519, 
78, -0.0453785605519, 
78, -0.0453785605519, 
78, -0.0453785605519, 
78, -0.0453785605519, 
78, -0.0340339204139, 
78, -0.0226892802759, 
79, -0.0283616003449, 
79, -0.0311977603794, 
79, -0.0226892802759, 
79, -0.0226892802759, 
79, -0.0340339204139, 
79, -0.0397062404829, 
80, -0.0397062404829, 
80, -0.0368700804484, 
80, -0.0340339204139, 
80, -0.0453785605519, 
80, -0.0482147205863, 
81, -0.0482147205863, 
81, -0.0680678408278, 
81, -0.0567232006898, 
81, -0.0397062404829, 
81, -0.0567232006898, 
81, -0.0340339204139, 
82, -0.011344640138, 
82, -0.011344640138, 
82, 0.011344640138, 
82, 0.0340339204139, 
82, 0.0, 
82, -0.0226892802759, 
83, 0.0, 
83, -0.0170169602069, 
83, 0.0226892802759, 
83, 0.0283616003449, 
83, 0.0340339204139, 
83, 0.0567232006898, 
84, 0.0340339204139, 
84, 0.0567232006898, 
84, 0.0453785605519, 
84, 0.0226892802759, 
84, 0.0397062404829, 
85, 0.11344640138, 
85, 0.158824961931, 
85, 0.136135681656, 
85, 0.124791041518, 
85, 0.147480321794, 
85, 0.181514242207, 
86, 0.147480321794, 
86, 0.136135681656, 
86, 0.124791041518, 
86, 0.147480321794, 
86, 0.133299521621, 
86, 0.0907571211037, 
87, 0.0907571211037, 
87, 0.0567232006898, 
87, 0.0226892802759, 
87, 0.0283616003449, 
87, 0.0453785605519, 
87, 0.0397062404829, 
88, -0.00567232006898, 
88, 0.0226892802759, 
88, 0.0567232006898, 
88, 0.0226892802759, 
88, 0.0340339204139, 
88, 0.0226892802759, 
89, 0.0453785605519, 
89, 0.0453785605519, 
89, 0.0226892802759, 
89, 0.0453785605519, 
89, 0.0680678408278, 
90, 0.0680678408278, 
90, 0.0453785605519, 
90, 0.0567232006898, 
90, 0.102101761242, 
90, 0.136135681656, 
90, 0.107774081311, 
91, 0.0907571211037, 
91, 0.107774081311, 
91, 0.136135681656, 
91, 0.158824961931, 
91, 0.192858882345, 
91, 0.170169602069, 
92, 0.192858882345, 
92, 0.226892802759, 
92, 0.283616003449, 
92, 0.323322243932, 
92, 0.363028484415, 
92, 0.397062404829, 
93, 0.431096325243, 
93, 0.470802565725, 
93, 0.482147205863, 
93, 0.504836486139, 
93, 0.533198086484, 
94, 0.578576647036, 
94, 0.606938247381, 
94, 0.629627527657, 
94, 0.601265927312, 
94, 0.575740487002, 
94, 0.589921287174, 
95, 0.589921287174, 
95, 0.581412807071, 
95, 0.578576647036, 
95, 0.567232006898, 
95, 0.521853446346, 
95, 0.470802565725, 
96, 0.487819525932, 
96, 0.504836486139, 
96, 0.465130245656, 
96, 0.351683844277, 
96, 0.226892802759, 
96, 0.187186562276, 
97, 0.272271363311, 
97, 0.232565122828, 
97, 0.119118721449, 
97, 0.0397062404829, 
97, -0.011344640138, 
98, -0.0453785605519, 
98, -0.0340339204139, 
98, -0.0226892802759, 
98, -0.0170169602069, 
98, -0.0340339204139, 
98, -0.11344640138, 
99, -0.158824961931, 
99, -0.147480321794, 
99, -0.147480321794, 
99, -0.130463361587, 
99, -0.136135681656, 
99, -0.136135681656, 
1e+02, -0.11344640138, 
1e+02, -0.0907571211037, 
1e+02, -0.11344640138, 
1e+02, -0.124791041518, 
1e+02, -0.0964294411727, 
1e+02, -0.11344640138, 
1e+02, -0.0340339204139, 
1e+02, 0.0567232006898, 
1e+02, 0.0907571211037, 
1e+02, 0.0623955207588, 
1e+02, 0.0652316807933, 
1e+02, 0.0907571211037, 
1e+02, 0.175841922138, 
1e+02, 0.22122048269, 
1e+02, 0.260926723173, 
1e+02, 0.306305283725, 
1e+02, 0.346011524208, 
1e+02, 0.385717764691, 
1e+02, 0.397062404829, 
1e+02, 0.425424005174, 
1e+02, 0.442440965381, 
1e+02, 0.487819525932, 
1e+02, 0.544542726622, 
1e+02, 0.601265927312, 
1e+02, 0.640972167795, 
1e+02, 0.66933376814, 
1e+02, 0.692023048416, 
1e+02, 0.635299847726, 
1e+02, 0.589921287174, 
1e+02, -0.675006088209, 
1e+02, -0.567232006898, 
1e+02, -0.502000326105, 
1.1e+02, -0.453785605519, 
1.1e+02, -0.402734724898, 
1.1e+02, 0.714712328692, 
1.1e+02, 0.760090889244, 
1.1e+02, 0.782780169519, 
1.1e+02, 0.805469449795, 
1.1e+02, 0.816814089933, 
1.1e+02, 0.811141769864, 
1.1e+02, 0.760090889244, 
1.1e+02, 0.623955207588, 
1.1e+02, 0.578576647036, 
1.1e+02, 0.567232006898, 
1.1e+02, 0.55588736676, 
1.1e+02, 0.564395846864, 
1.1e+02, 0.567232006898, 
1.1e+02, 0.567232006898, 
1.1e+02, 0.558723526795, 
1.1e+02, 0.55588736676, 
1.1e+02, 0.572904326967, 
1.1e+02, 0.584248967105, 
1.1e+02, 0.623955207588, 
1.1e+02, 0.646644487864, 
1.1e+02, 0.66933376814, 
1.1e+02, 0.606938247381, 
1.1e+02, 0.538870406553, 
1.1e+02, 0.544542726622, 
1.1e+02, 0.572904326967, 
1.1e+02, 0.521853446346, 
1.1e+02, 0.470802565725, 
1.1e+02, 0.49916416607, 
1.1e+02, 0.465130245656, 
1.1e+02, 0.44811328545, 
1.1e+02, 0.49916416607, 
1.1e+02, 0.470802565725, 
1.1e+02, 0.306305283725, 
1.1e+02, 0.226892802759, 
1.1e+02, 0.119118721449, 
1.1e+02, 0.0453785605519, 
1.1e+02, 0.0397062404829, 
1.1e+02, 0.110610241345, 
1.1e+02, 0.0964294411727, 
1.1e+02, 0.0623955207588, 
1.1e+02, 0.0340339204139, 
1.1e+02, 0.0340339204139, 
1.1e+02, -0.0453785605519, 
1.1e+02, -0.107774081311, 
1.1e+02, -0.147480321794, 
1.1e+02, -0.110610241345, 
1.1e+02, -0.533198086484, 
1.1e+02, -0.561559686829, 
1.1e+02, -0.618282887519, 
1.1e+02, -0.686350728347, 
1.1e+02, -0.703367688554, 
1.1e+02, -0.731729288899, 
1.1e+02, -0.697695368485, 
1.1e+02, -0.61261056745, 
1.1e+02, -0.414079365036, 
1.2e+02, -0.340339204139, 
1.2e+02, -0.311977603794, 
1.2e+02, -0.363028484415, 
1.2e+02, -0.465130245656, 
1.2e+02, -0.595593607243, 
1.2e+02, -0.657989128002, 
1.2e+02, -0.601265927312, 
1.2e+02, -0.510508806208, 
1.2e+02, -0.425424005174, 
1.2e+02, -0.317649923863, 
1.2e+02, -0.246745923001, 
1.2e+02, -0.249582083035, 
1.2e+02, -0.300632963656, 
1.2e+02, -0.340339204139, 
1.2e+02, -0.354520004311, 
1.2e+02, -0.425424005174, 
1.2e+02, -0.516181126277, 
1.2e+02, -0.567232006898, 
1.2e+02, -0.536034246519, 
1.2e+02, -0.516181126277, 
1.2e+02, -0.578576647036, 
1.2e+02, -0.55588736676, 
1.2e+02, -0.453785605519, 
1.2e+02, -0.414079365036, 
1.2e+02, -0.368700804484, 
1.2e+02, -0.346011524208, 
1.2e+02, -0.317649923863, 
1.2e+02, -0.249582083035, 
1.2e+02, -0.226892802759, 
1.2e+02, -0.209875842552, 
1.2e+02, -0.294960643587, 
1.2e+02, -0.33466688407, 
1.2e+02, -0.363028484415, 
1.2e+02, -0.36019232438, 
1.2e+02, -0.374373124553, 
1.2e+02, -0.414079365036, 
1.2e+02, -0.419751685105, 
1.2e+02, -0.385717764691, 
1.2e+02, -0.419751685105, 
1.2e+02, -0.49916416607, 
1.2e+02, -0.476474885794, 
1.2e+02, -0.402734724898, 
1.2e+02, -0.39139008476, 
1.2e+02, -0.414079365036, 
1.2e+02, -0.436768645312, 
1.2e+02, -0.496328006036, 
1.2e+02, -0.504836486139, 
1.2e+02, -0.504836486139, 
1.2e+02, -0.595593607243, 
1.2e+02, -0.595593607243, 
1.2e+02, -0.493491846001, 
1.2e+02, -0.550215046691, 
1.2e+02, -0.550215046691, 
1.2e+02, -0.584248967105, 
1.2e+02, -0.578576647036, 
1.2e+02, -0.538870406553, 
1.2e+02, -0.595593607243, 
1.2e+02, -0.672169928174, 
1.3e+02, -0.680678408278, 
1.3e+02, -0.618282887519, 
1.3e+02, -0.487819525932, 
1.3e+02, -0.328994564001, 
1.3e+02, -0.340339204139, 
1.3e+02, -0.487819525932, 
1.3e+02, -0.487819525932, 
1.3e+02, -0.374373124553, 
1.3e+02, -0.260926723173, 
1.3e+02, -0.232565122828, 
1.3e+02, -0.175841922138, 
1.3e+02, -0.130463361587, 
1.3e+02, -0.170169602069, 
1.3e+02, -0.198531202414, 
1.3e+02, -0.215548162621, 
1.3e+02, -0.215548162621, 
1.3e+02, -0.170169602069, 
1.3e+02, -0.158824961931, 
1.3e+02, -0.11344640138, 
1.3e+02, -0.102101761242, 
1.3e+02, -0.11344640138, 
1.3e+02, -0.0567232006898, 
1.3e+02, -0.0340339204139, 
1.3e+02, -0.0397062404829, 
1.3e+02, -0.0397062404829, 
1.3e+02, -0.0453785605519, 
1.3e+02, -0.0453785605519, 
1.3e+02, -0.0453785605519, 
1.3e+02, -0.0283616003449, 
1.3e+02, -0.011344640138, 
1.3e+02, 0.0340339204139, 
1.3e+02, 0.104937921276, 
1.3e+02, 0.11344640138, 
1.3e+02, 0.11344640138, 
1.3e+02, 0.107774081311, 
1.3e+02, 0.124791041518, 
1.3e+02, 0.158824961931, 
1.3e+02, 0.170169602069, 
1.3e+02, 0.11344640138, 
1.3e+02, -0.011344640138, 
1.3e+02, -0.0397062404829, 
1.3e+02, -0.0510508806208, 
1.3e+02, -0.0510508806208, 
1.3e+02, -0.0567232006898, 
1.3e+02, -0.0397062404829, 
1.3e+02, -0.0397062404829, 
1.3e+02, -0.0453785605519, 
1.3e+02, -0.0425424005174, 
1.3e+02, -0.0453785605519, 
1.3e+02, -0.0453785605519, 
1.3e+02, -0.0226892802759, 
1.3e+02, -0.0311977603794, 
1.3e+02, -0.0283616003449, 
1.3e+02, -0.0397062404829, 
1.3e+02, -0.0397062404829, 
1.3e+02, -0.0425424005174, 
1.3e+02, -0.0453785605519, 
1.3e+02, -0.0453785605519, 
1.4e+02, -0.0397062404829, 
1.4e+02, -0.0453785605519, 
1.4e+02, -0.0397062404829, 
1.4e+02, -0.0510508806208, 
1.4e+02, -0.0397062404829, 
1.4e+02, -0.0453785605519, 
1.4e+02, -0.0453785605519, 
1.4e+02, -0.0453785605519, 
1.4e+02, -0.0482147205863, 
1.4e+02, -0.0538870406553, 
1.4e+02, -0.0510508806208, 
1.4e+02, -0.0510508806208, 
1.4e+02, -0.0453785605519, 
1.4e+02, -0.0510508806208, 
1.4e+02, -0.0510508806208, 
1.4e+02, -0.0482147205863, 
1.4e+02, -0.0453785605519, 
1.4e+02, -0.0482147205863, 
1.4e+02, -0.0453785605519, 
1.4e+02, -0.0510508806208, 
1.4e+02, -0.0453785605519, 
1.4e+02, -0.0453785605519, 
1.4e+02, -0.0397062404829, 
1.4e+02, -0.0397062404829, 
1.4e+02, -0.0397062404829, 
1.4e+02, -0.0510508806208, 
1.4e+02, -0.0453785605519, 
1.4e+02, -0.0482147205863, 
1.4e+02, -0.0510508806208, 
1.4e+02, -0.0510508806208, 
1.4e+02, -0.0482147205863, 
1.4e+02, -0.0453785605519, 
1.4e+02, -0.0510508806208, 
1.4e+02, -0.0510508806208, 
1.4e+02, -0.0510508806208, 
1.4e+02, -0.0567232006898, 
1.4e+02, -0.0623955207588, 
1.4e+02, -0.0510508806208, 
1.4e+02, -0.0510508806208, 
1.4e+02, -0.0510508806208, 
1.4e+02, -0.0510508806208, 
1.4e+02, -0.0510508806208, 
1.4e+02, -0.0482147205863, 
1.4e+02, -0.0623955207588, 
1.4e+02, -0.0567232006898, 
1.4e+02, -0.0567232006898, 
1.4e+02, -0.0567232006898, 
1.4e+02, -0.0623955207588, 
1.4e+02, -0.0623955207588, 
1.4e+02, -0.0623955207588, 
1.4e+02, -0.0623955207588, 
1.4e+02, -0.0680678408278, 
1.4e+02, -0.0680678408278, 
1.4e+02, -0.0623955207588, 
1.4e+02, -0.0623955207588, 
1.4e+02, -0.0567232006898, 
1.4e+02, -0.0567232006898, 
1.5e+02, -0.0567232006898, 
1.5e+02, -0.0567232006898, 
1.5e+02, -0.0567232006898, 
1.5e+02, -0.0567232006898, 
1.5e+02, -0.0567232006898, 
1.5e+02, -0.0567232006898, 
1.5e+02, -0.0567232006898, 
1.5e+02, -0.0567232006898, 
1.5e+02, -0.0567232006898, 
1.5e+02, -0.0567232006898, 
1.5e+02, -0.0567232006898, 
1.5e+02, -0.0567232006898, 
1.5e+02, -0.0567232006898, 
1.5e+02, -0.0567232006898, 
1.5e+02, -0.0567232006898, 
1.5e+02, -0.0567232006898, 
1.5e+02, -0.0567232006898, 
1.5e+02, -0.0567232006898, 
1.5e+02, -0.0567232006898, 
1.5e+02, -0.0567232006898, 
1.5e+02, -0.0567232006898, 
1.5e+02, -0.0567232006898, 
1.5e+02, -0.0538870406553, 
1.5e+02, -0.0567232006898, 
1.5e+02, -0.0538870406553, 
1.5e+02, -0.0538870406553, 
1.5e+02, -0.0567232006898, 
1.5e+02, -0.0567232006898, 
1.5e+02, -0.0538870406553, 
1.5e+02, -0.0538870406553, 
1.5e+02, -0.0538870406553, 
1.5e+02, -0.0567232006898, 
1.5e+02, -0.0567232006898, 
1.5e+02, -0.0623955207588, 
1.5e+02, -0.0623955207588, 
1.5e+02, -0.0567232006898, 
1.5e+02, -0.0623955207588, 
1.5e+02, -0.0567232006898, 
1.5e+02, -0.0737401608968, 
1.5e+02, -0.0623955207588, 
1.5e+02, -0.0567232006898, 
1.5e+02, -0.0567232006898, 
1.5e+02, -0.0567232006898, 
1.5e+02, -0.0567232006898, 
1.5e+02, -0.0567232006898, 
1.5e+02, -0.0567232006898, 
1.5e+02, -0.0652316807933, 
1.5e+02, -0.0567232006898, 
1.5e+02, -0.0567232006898, 
1.5e+02, -0.0623955207588, 
1.5e+02, -0.0623955207588, 
1.5e+02, -0.0652316807933, 
1.5e+02, -0.0623955207588, 
1.5e+02, -0.0567232006898, 
1.5e+02, -0.0567232006898, 
1.5e+02, -0.0623955207588, 
1.5e+02, -0.0623955207588, 
1.5e+02, -0.0680678408278, 
1.6e+02, -0.0709040008623, 
1.6e+02, -0.0709040008623, 
1.6e+02, -0.0623955207588, 
1.6e+02, -0.0623955207588, 
1.6e+02, -0.0652316807933, 
1.6e+02, -0.0709040008623, 
1.6e+02, -0.0737401608968, 
1.6e+02, -0.0652316807933, 
1.6e+02, -0.0709040008623, 
1.6e+02, -0.0737401608968, 
1.6e+02, -0.0737401608968, 
1.6e+02, -0.0737401608968, 
1.6e+02, -0.0765763209313, 
1.6e+02, -0.0737401608968, 
1.6e+02, -0.0737401608968, 
1.6e+02, -0.0737401608968, 
1.6e+02, -0.0737401608968, 
1.6e+02, -0.0680678408278, 
1.6e+02, -0.0652316807933, 
1.6e+02, -0.0623955207588, 
1.6e+02, -0.0623955207588, 
1.6e+02, -0.0567232006898, 
1.6e+02, -0.0567232006898, 
1.6e+02, -0.0567232006898, 
1.6e+02, -0.0567232006898, 
1.6e+02, -0.0567232006898, 
1.6e+02, -0.0567232006898, 
1.6e+02, -0.0567232006898, 
1.6e+02, -0.0538870406553, 
1.6e+02, -0.0567232006898, 
1.6e+02, -0.0567232006898, 
1.6e+02, -0.0567232006898, 
1.6e+02, -0.0567232006898, 
1.6e+02, -0.0567232006898, 
1.6e+02, -0.0567232006898, 
1.6e+02, -0.0510508806208, 
1.6e+02, -0.0510508806208, 
1.6e+02, -0.0567232006898, 
1.6e+02, -0.0567232006898, 
1.6e+02, -0.0567232006898, 
1.6e+02, -0.0567232006898, 
1.6e+02, -0.0567232006898, 
1.6e+02, -0.0567232006898, 
1.6e+02, -0.0567232006898, 
1.6e+02, -0.0567232006898, 
1.6e+02, -0.0567232006898, 
1.6e+02, -0.0567232006898, 
1.6e+02, -0.0567232006898, 
1.6e+02, -0.0567232006898, 
1.6e+02, -0.0567232006898, 
1.6e+02, -0.0567232006898, 
1.6e+02, -0.0567232006898, 
1.6e+02, -0.0567232006898, 
1.6e+02, -0.0567232006898, 
1.6e+02, -0.0567232006898, 
1.6e+02, -0.0567232006898, 
1.6e+02, -0.0567232006898, 
1.7e+02, -0.0567232006898, 
1.7e+02, -0.0567232006898, 
1.7e+02, -0.0567232006898, 
1.7e+02, -0.0567232006898, 
1.7e+02, -0.0567232006898, 
1.7e+02, -0.0567232006898, 
1.7e+02, -0.0567232006898, 
1.7e+02, -0.0567232006898, 
1.7e+02, -0.0567232006898, 
1.7e+02, -0.0567232006898, 
1.7e+02, -0.0567232006898, 
1.7e+02, -0.0567232006898, 
1.7e+02, -0.0623955207588, 
1.7e+02, -0.0623955207588, 
1.7e+02, -0.0567232006898, 
1.7e+02, -0.0623955207588, 
1.7e+02, -0.0737401608968, 
1.7e+02, -0.0737401608968, 
1.7e+02, -0.0737401608968, 
1.7e+02, -0.0737401608968, 
1.7e+02, -0.0737401608968, 
1.7e+02, -0.0794124809657, 
1.7e+02, -0.0794124809657, 
1.7e+02, -0.0794124809657, 
1.7e+02, -0.0794124809657, 
1.7e+02, -0.0737401608968, 
1.7e+02, -0.0737401608968, 
1.7e+02, -0.0765763209313, 
1.7e+02, -0.0794124809657, 
1.7e+02, -0.0794124809657, 
1.7e+02, -0.0737401608968, 
1.7e+02, -0.0652316807933, 
1.7e+02, -0.0623955207588, 
1.7e+02, -0.0623955207588, 
1.7e+02, -0.0567232006898, 
1.7e+02, -0.0567232006898, 
1.7e+02, -0.0283616003449, 
1.7e+02, -0.0255254403104, 
1.7e+02, -0.0170169602069, 
1.7e+02, -0.0170169602069, 
1.7e+02, -0.00850848010347, 
1.7e+02, 0.00283616003449, 
1.7e+02, -0.00567232006898, 
1.7e+02, 0.011344640138, 
1.7e+02, 0.011344640138, 
1.7e+02, 0.0226892802759, 
1.7e+02, 0.0311977603794, 
1.7e+02, 0.0453785605519, 
1.7e+02, 0.0453785605519, 
1.7e+02, 0.0567232006898, 
1.7e+02, 0.0567232006898, 
1.7e+02, 0.0510508806208, 
1.7e+02, 0.0737401608968, 
1.7e+02, 0.0709040008623, 
1.7e+02, 0.0765763209313, 
1.7e+02, 0.0737401608968, 
1.7e+02, 0.0567232006898, 
1.7e+02, 0.0567232006898, 
1.8e+02, 0.0623955207588, 
1.8e+02, 0.0737401608968, 
1.8e+02, 0.0850848010347, 
1.8e+02, 0.0737401608968, 
1.8e+02, 0.0680678408278, 
1.8e+02, 0.147480321794, 
1.8e+02, 0.170169602069, 
1.8e+02, 0.147480321794, 
1.8e+02, 0.0623955207588, 
1.8e+02, 0.0170169602069, 
1.8e+02, 0.0, 
1.8e+02, 0.0, 
1.8e+02, -0.00283616003449, 
1.8e+02, 0.011344640138, 
1.8e+02, 0.0, 
1.8e+02, 0.011344640138, 
1.8e+02, 0.011344640138, 
1.8e+02, 0.0226892802759, 
1.8e+02, 0.0340339204139, 
1.8e+02, 0.0397062404829, 
1.8e+02, 0.0482147205863, 
1.8e+02, 0.0623955207588, 
1.8e+02, 0.0453785605519, 
1.8e+02, 0.0397062404829, 
1.8e+02, 0.011344640138, 
1.8e+02, 0.0226892802759, 
1.8e+02, 0.0368700804484, 
1.8e+02, 0.0283616003449, 
1.8e+02, 0.0340339204139, 
1.8e+02, 0.0283616003449, 
1.8e+02, 0.0397062404829, 
1.8e+02, 0.102101761242, 
1.8e+02, 0.102101761242, 
1.8e+02, 0.141808001725, 
1.8e+02, 0.11344640138, 
1.8e+02, 0.136135681656, 
1.8e+02, 0.136135681656, 
1.8e+02, 0.102101761242, 
1.8e+02, 0.164497282, 
1.8e+02, 0.175841922138, 
1.8e+02, 0.192858882345, 
1.8e+02, 0.204203522483, 
1.8e+02, 0.192858882345, 
1.8e+02, 0.22122048269, 
1.8e+02, 0.224056642725, 
1.8e+02, 0.204203522483, 
1.8e+02, 0.170169602069, 
1.8e+02, 0.170169602069, 
1.8e+02, 0.192858882345, 
1.8e+02, 0.198531202414, 
1.8e+02, 0.178678082173, 
1.8e+02, 0.175841922138, 
1.8e+02, 0.198531202414, 
1.8e+02, 0.198531202414, 
1.8e+02, 0.181514242207, 
1.8e+02, 0.170169602069, 
1.8e+02, 0.181514242207, 
1.9e+02, 0.184350402242, 
1.9e+02, 0.184350402242, 
1.9e+02, 0.170169602069, 
1.9e+02, 0.175841922138, 
1.9e+02, 0.170169602069, 
1.9e+02, 0.207039682518, 
1.9e+02, 0.204203522483, 
1.9e+02, 0.192858882345, 
1.9e+02, 0.187186562276, 
1.9e+02, 0.198531202414, 
1.9e+02, 0.181514242207, 
1.9e+02, 0.215548162621, 
1.9e+02, 0.260926723173, 
1.9e+02, 0.300632963656, 
1.9e+02, 0.331830724035, 
1.9e+02, 0.380045444622, 
1.9e+02, 0.470802565725, 
1.9e+02, 0.550215046691, 
1.9e+02, 0.581412807071, 
1.9e+02, 0.601265927312, 
1.9e+02, 0.643808327829, 
1.9e+02, 0.646644487864, 
1.9e+02, 0.663661448071, 
1.9e+02, 0.657989128002, 
1.9e+02, 0.652316807933, 
1.9e+02, 0.680678408278, 
1.9e+02, 0.663661448071, 
1.9e+02, 0.61261056745, 
1.9e+02, 0.646644487864, 
1.9e+02, 0.589921287174, 
1.9e+02, 0.589921287174, 
1.9e+02, 0.521853446346, 
1.9e+02, 0.33466688407, 
1.9e+02, 0.181514242207, 
1.9e+02, 0.0368700804484, 
1.9e+02, 0.0170169602069, 
1.9e+02, 0.0907571211037, 
1.9e+02, 0.175841922138, 
1.9e+02, 0.266599043242, 
1.9e+02, 0.297796803622, 
1.9e+02, 0.300632963656, 
1.9e+02, 0.368700804484, 
1.9e+02, 0.431096325243, 
1.9e+02, 0.513344966243, 
1.9e+02, 0.558723526795, 
1.9e+02, 0.567232006898, 
1.9e+02, 0.589921287174, 
1.9e+02, 0.595593607243, 
1.9e+02, 0.635299847726, 
1.9e+02, 0.606938247381, 
1.9e+02, 0.604102087347, 
1.9e+02, 0.657989128002, 
1.9e+02, 0.635299847726, 
1.9e+02, 0.618282887519, 
1.9e+02, 0.61261056745, 
1.9e+02, 0.606938247381, 
1.9e+02, 0.606938247381, 
1.9e+02, 0.544542726622, 
2e+02, 0.411243205001, 
2e+02, 0.246745923001, 
2e+02, 0.107774081311, 
2e+02, -0.011344640138, 
2e+02, -0.0850848010347, 
2e+02, -0.13897184169, 
2e+02, -0.175841922138, 
2e+02, -0.204203522483, 
2e+02, -0.232565122828, 
2e+02, -0.249582083035, 
2e+02, -0.260926723173, 
2e+02, -0.249582083035, 
2e+02, -0.243909762966, 
2e+02, -0.249582083035, 
2e+02, -0.260926723173, 
2e+02, -0.260926723173, 
2e+02, -0.269435203277, 
2e+02, -0.272271363311, 
2e+02, -0.266599043242, 
2e+02, -0.260926723173, 
2e+02, -0.260926723173, 
2e+02, -0.249582083035, 
2e+02, -0.243909762966, 
2e+02, -0.243909762966, 
2e+02, -0.232565122828, 
2e+02, -0.243909762966, 
2e+02, -0.241073602932, 
2e+02, -0.255254403104, 
2e+02, -0.260926723173, 
2e+02, -0.269435203277, 
2e+02, -0.266599043242, 
2e+02, -0.272271363311, 
2e+02, 0.703367688554, 
2e+02, 0.697695368485, 
2e+02, 0.760090889244, 
2e+02, -0.368700804484, 
2e+02, -0.408407044967, 
2e+02, -0.385717764691, 
2e+02, -0.343175364173, 
2e+02, -0.300632963656, 
2e+02, -0.297796803622, 
2e+02, -0.311977603794, 
2e+02, -0.320486083897, 
2e+02, -0.323322243932, 
2e+02, -0.340339204139, 
2e+02, -0.320486083897, 
2e+02, -0.260926723173, 
2e+02, -0.255254403104, 
2e+02, -0.204203522483, 
2e+02, -0.147480321794, 
2e+02, -0.102101761242, 
2e+02, -0.0453785605519, 
2e+02, 0.0226892802759, 
2e+02, 0.0567232006898, 
2e+02, 0.0907571211037, 
2e+02, 0.130463361587, 
2e+02, 0.158824961931, 
2e+02, 0.170169602069, 
2.1e+02, 0.164497282, 
2.1e+02, 0.170169602069, 
2.1e+02, 0.158824961931, 
2.1e+02, 0.124791041518, 
2.1e+02, 0.102101761242, 
2.1e+02, 0.0907571211037, 
2.1e+02, 0.0850848010347, 
2.1e+02, 0.0680678408278, 
2.1e+02, 0.0453785605519, 
2.1e+02, 0.0283616003449, 
2.1e+02, 0.0340339204139, 
2.1e+02, 0.011344640138, 
2.1e+02, 0.011344640138, 
2.1e+02, 0.0, 
2.1e+02, -0.011344640138, 
2.1e+02, 0.0, 
2.1e+02, -0.00850848010347, 
2.1e+02, -0.00567232006898, 
2.1e+02, 0.00567232006898, 
2.1e+02, -0.00567232006898, 
2.1e+02, -0.00567232006898, 
2.1e+02, -0.00850848010347, 
2.1e+02, -0.011344640138, 
2.1e+02, -0.00850848010347, 
2.1e+02, -0.0226892802759, 
2.1e+02, -0.0283616003449, 
2.1e+02, -0.0340339204139, 
2.1e+02, -0.0283616003449, 
2.1e+02, -0.0340339204139, 
2.1e+02, -0.0283616003449, 
2.1e+02, -0.0226892802759, 
2.1e+02, -0.0340339204139, 
2.1e+02, -0.0311977603794, 
2.1e+02, -0.0340339204139, 
2.1e+02, -0.0340339204139, 
2.1e+02, -0.0425424005174, 
2.1e+02, -0.0453785605519, 
2.1e+02, -0.0425424005174, 
2.1e+02, -0.0453785605519, 
2.1e+02, -0.0453785605519, 
2.1e+02, -0.0538870406553, 
2.1e+02, -0.0453785605519, 
2.1e+02, -0.0538870406553, 
2.1e+02, -0.0567232006898, 
2.1e+02, -0.0567232006898, 
2.1e+02, -0.0567232006898, 
2.1e+02, -0.0567232006898, 
2.1e+02, -0.0567232006898, 
2.1e+02, -0.0567232006898, 
2.1e+02, -0.0567232006898, 
2.1e+02, -0.0567232006898, 
2.1e+02, -0.0567232006898, 
2.1e+02, -0.0567232006898, 
2.1e+02, -0.0567232006898, 
2.1e+02, -0.0567232006898, 
2.1e+02, -0.0567232006898, 
2.1e+02, -0.0567232006898, 
2.2e+02, -0.0538870406553, 
2.2e+02, -0.0567232006898, 
2.2e+02, -0.0567232006898, 
2.2e+02, -0.0567232006898, 
2.2e+02, -0.0567232006898, 
2.2e+02, -0.0567232006898, 
2.2e+02, -0.0567232006898, 
2.2e+02, -0.0567232006898, 
2.2e+02, -0.0567232006898, 
2.2e+02, -0.0567232006898, 
2.2e+02, -0.0567232006898, 
2.2e+02, -0.0567232006898, 
2.2e+02, -0.0567232006898, 
2.2e+02, -0.0567232006898, 
2.2e+02, -0.0567232006898, 
2.2e+02, -0.0567232006898, 
2.2e+02, -0.0567232006898, 
2.2e+02, -0.0567232006898, 
2.2e+02, -0.0595593607243, 
2.2e+02, -0.0680678408278, 
2.2e+02, -0.0709040008623, 
2.2e+02, -0.0680678408278, 
2.2e+02, -0.0680678408278, 
2.2e+02, -0.0680678408278, 
2.2e+02, -0.0680678408278, 
2.2e+02, -0.0737401608968, 
2.2e+02, -0.0765763209313, 
2.2e+02, -0.0765763209313, 
2.2e+02, -0.0737401608968, 
2.2e+02, -0.0737401608968, 
2.2e+02, -0.0709040008623, 
2.2e+02, -0.0709040008623, 
2.2e+02, -0.0737401608968, 
2.2e+02, -0.0737401608968, 
2.2e+02, -0.0737401608968, 
2.2e+02, -0.0709040008623, 
2.2e+02, -0.0709040008623, 
2.2e+02, -0.0765763209313, 
2.2e+02, -0.0765763209313, 
2.2e+02, -0.0737401608968, 
2.2e+02, -0.0737401608968, 
2.2e+02, -0.0765763209313, 
2.2e+02, -0.0737401608968, 
2.2e+02, -0.0794124809657, 
2.2e+02, -0.0794124809657, 
2.2e+02, -0.0794124809657, 
2.2e+02, -0.0794124809657, 
2.2e+02, -0.0794124809657, 
2.2e+02, -0.0794124809657, 
2.2e+02, -0.0794124809657, 
2.2e+02, -0.0794124809657, 
2.2e+02, -0.0794124809657, 
2.2e+02, -0.0794124809657, 
2.2e+02, -0.0794124809657, 
2.2e+02, -0.0794124809657, 
2.2e+02, -0.0794124809657, 
2.2e+02, -0.0794124809657, 
2.2e+02, -0.0794124809657, 
2.3e+02, -0.0794124809657, 
2.3e+02, -0.0794124809657, 
2.3e+02, -0.0794124809657, 
2.3e+02, -0.0822486410002, 
2.3e+02, -0.0794124809657, 
2.3e+02, -0.0794124809657, 
2.3e+02, -0.0879209610692, 
2.3e+02, -0.0907571211037, 
2.3e+02, -0.0907571211037, 
2.3e+02, -0.0935932811382, 
2.3e+02, -0.0964294411727, 
2.3e+02, -0.0907571211037, 
2.3e+02, -0.0850848010347, 
2.3e+02, -0.0879209610692, 
2.3e+02, -0.0907571211037, 
2.3e+02, -0.0907571211037, 
2.3e+02, -0.0907571211037, 
2.3e+02, -0.0907571211037, 
2.3e+02, -0.0907571211037, 
2.3e+02, -0.0964294411727, 
2.3e+02, -0.0964294411727, 
2.3e+02, -0.0907571211037, 
2.3e+02, -0.0850848010347, 
2.3e+02, -0.0907571211037, 
2.3e+02, -0.0964294411727, 
2.3e+02, -0.0964294411727, 
2.3e+02, -0.0907571211037, 
2.3e+02, -0.0879209610692, 
2.3e+02, -0.0850848010347, 
2.3e+02, -0.0794124809657, 
2.3e+02, -0.0794124809657, 
2.3e+02, -0.0794124809657, 
2.3e+02, -0.0850848010347, 
2.3e+02, -0.0794124809657, 
2.3e+02, -0.0879209610692, 
2.3e+02, -0.0850848010347, 
2.3e+02, -0.0794124809657, 
2.3e+02, -0.0794124809657, 
2.3e+02, -0.0794124809657, 
2.3e+02, -0.0794124809657, 
2.3e+02, -0.0794124809657, 
2.3e+02, -0.0737401608968, 
2.3e+02, -0.0709040008623, 
2.3e+02, -0.0567232006898, 
2.3e+02, -0.0567232006898, 
2.3e+02, -0.0567232006898, 
2.3e+02, -0.0453785605519, 
2.3e+02, -0.0397062404829, 
2.3e+02, -0.0340339204139, 
2.3e+02, -0.0226892802759, 
2.3e+02, -0.0226892802759, 
2.3e+02, -0.0226892802759, 
2.3e+02, -0.0226892802759, 
2.3e+02, -0.0141808001725, 
2.3e+02, 0.0, 
2.3e+02, 0.011344640138, 
2.3e+02, 0.011344640138, 
2.3e+02, 0.00283616003449, 
2.4e+02, -0.011344640138, 
2.4e+02, -0.011344640138, 
2.4e+02, -0.0170169602069, 
2.4e+02, -0.0198531202414, 
2.4e+02, -0.0340339204139, 
2.4e+02, -0.0340339204139, 
2.4e+02, -0.0340339204139, 
2.4e+02, -0.0340339204139, 
2.4e+02, -0.0340339204139, 
2.4e+02, -0.0340339204139, 
2.4e+02, -0.0340339204139, 
2.4e+02, -0.0340339204139, 
2.4e+02, -0.0368700804484, 
2.4e+02, -0.0397062404829, 
2.4e+02, -0.0340339204139, 
2.4e+02, -0.0340339204139, 
2.4e+02, -0.0397062404829, 
2.4e+02, -0.0397062404829, 
2.4e+02, -0.0425424005174, 
2.4e+02, -0.0340339204139, 
2.4e+02, -0.0311977603794, 
2.4e+02, -0.0226892802759, 
2.4e+02, -0.011344640138, 
2.4e+02, -0.011344640138, 
2.4e+02, -0.011344640138, 
2.4e+02, -0.011344640138, 
2.4e+02, 0.00567232006898, 
2.4e+02, 0.011344640138, 
2.4e+02, 0.011344640138, 
2.4e+02, 0.0170169602069, 
2.4e+02, 0.0170169602069, 
2.4e+02, 0.0340339204139, 
2.4e+02, 0.0453785605519, 
2.4e+02, 0.0482147205863, 
2.4e+02, 0.0510508806208, 
2.4e+02, 0.0623955207588, 
2.4e+02, 0.0737401608968, 
2.4e+02, 0.0822486410002, 
2.4e+02, 0.0737401608968, 
2.4e+02, 0.0850848010347, 
2.4e+02, 0.0964294411727, 
2.4e+02, 0.0964294411727, 
2.4e+02, 0.0964294411727, 
2.4e+02, 0.0907571211037, 
2.4e+02, 0.0794124809657, 
2.4e+02, 0.0680678408278, 
2.4e+02, 0.0652316807933, 
2.4e+02, 0.0595593607243, 
2.4e+02, 0.0510508806208, 
2.4e+02, 0.0397062404829, 
2.4e+02, 0.0340339204139, 
2.4e+02, 0.0283616003449, 
2.4e+02, 0.0170169602069, 
2.4e+02, 0.011344640138, 
2.4e+02, 0.00567232006898, 
2.4e+02, -0.00567232006898, 
2.4e+02, 0.011344640138, 
2.5e+02, 0.0, 
2.5e+02, -0.00567232006898, 
2.5e+02, -0.00567232006898, 
2.5e+02, -0.00567232006898, 
2.5e+02, -0.011344640138, 
2.5e+02, -0.011344640138, 
2.5e+02, -0.0170169602069, 
2.5e+02, -0.011344640138, 
2.5e+02, -0.0226892802759, 
2.5e+02, -0.0198531202414, 
2.5e+02, -0.0340339204139, 
2.5e+02, -0.0340339204139, 
2.5e+02, -0.0340339204139, 
2.5e+02, -0.0340339204139, 
2.5e+02, -0.0340339204139, 
2.5e+02, -0.0397062404829, 
2.5e+02, -0.0425424005174, 
2.5e+02, -0.0425424005174, 
2.5e+02, -0.0425424005174, 
2.5e+02, -0.0340339204139, 
2.5e+02, -0.0340339204139, 
2.5e+02, -0.0340339204139, 
2.5e+02, -0.0453785605519, 
2.5e+02, -0.0453785605519, 
2.5e+02, -0.0453785605519, 
2.5e+02, -0.0453785605519, 
2.5e+02, -0.0453785605519, 
2.5e+02, -0.0453785605519, 
2.5e+02, -0.0425424005174, 
2.5e+02, -0.0425424005174, 
2.5e+02, -0.0453785605519, 
2.5e+02, -0.0453785605519, 
2.5e+02, -0.0482147205863, 
2.5e+02, -0.0453785605519, 
2.5e+02, -0.0453785605519, 
2.5e+02, -0.0425424005174, 
2.5e+02, -0.0425424005174, 
2.5e+02, -0.0453785605519, 
2.5e+02, -0.0453785605519, 
2.5e+02, -0.0453785605519, 
2.5e+02, -0.0425424005174, 
2.5e+02, -0.0425424005174, 
2.5e+02, -0.0425424005174, 
2.5e+02, -0.0453785605519, 
2.5e+02, -0.0425424005174, 
2.5e+02, -0.0453785605519, 
2.5e+02, -0.0453785605519, 
2.5e+02, -0.0425424005174, 
2.5e+02, -0.0425424005174, 
2.5e+02, -0.0425424005174, 
2.5e+02, -0.0453785605519, 
2.5e+02, -0.0453785605519, 
2.5e+02, -0.0453785605519, 
2.5e+02, -0.0397062404829, 
2.5e+02, -0.0397062404829, 
2.5e+02, -0.0510508806208, 
2.5e+02, -0.0453785605519, 
2.5e+02, -0.0397062404829, 
2.6e+02, -0.0425424005174, 
2.6e+02, -0.0425424005174, 
2.6e+02, -0.0453785605519, 
2.6e+02, -0.0453785605519, 
2.6e+02, -0.0453785605519, 
2.6e+02, -0.0453785605519, 
2.6e+02, -0.0453785605519, 
2.6e+02, -0.0425424005174, 
2.6e+02, -0.0397062404829, 
2.6e+02, -0.0397062404829, 
2.6e+02, -0.0397062404829, 
2.6e+02, -0.0425424005174, 
2.6e+02, -0.0397062404829, 
2.6e+02, -0.0397062404829, 
2.6e+02, -0.0397062404829, 
2.6e+02, -0.0425424005174, 
2.6e+02, -0.0453785605519, 
2.6e+02, -0.0425424005174, 
2.6e+02, -0.0425424005174, 
2.6e+02, -0.0425424005174, 
2.6e+02, -0.0425424005174, 
2.6e+02, -0.0425424005174, 
2.6e+02, -0.0453785605519, 
2.6e+02, -0.0425424005174, 
2.6e+02, -0.0425424005174, 
2.6e+02, -0.0453785605519, 
2.6e+02, -0.0425424005174, 
2.6e+02, -0.0453785605519, 
2.6e+02, -0.0425424005174, 
2.6e+02, -0.0425424005174, 
2.6e+02, -0.0453785605519, 
2.6e+02, -0.0453785605519, 
2.6e+02, -0.0453785605519, 
2.6e+02, -0.0453785605519, 
2.6e+02, -0.0453785605519, 
2.6e+02, -0.0453785605519, 
2.6e+02, -0.0453785605519, 
2.6e+02, -0.0453785605519, 
2.6e+02, -0.0453785605519, 
2.6e+02, -0.0425424005174, 
2.6e+02, -0.0425424005174, 
2.6e+02, -0.0453785605519, 
2.6e+02, -0.0425424005174, 
2.6e+02, -0.0425424005174, 
2.6e+02, -0.0453785605519, 
2.6e+02, -0.0425424005174, 
2.6e+02, -0.0510508806208, 
2.6e+02, -0.0397062404829, 
2.6e+02, -0.0482147205863, 
2.6e+02, -0.0510508806208, 
2.6e+02, -0.0453785605519, 
2.6e+02, -0.0397062404829, 
2.6e+02, -0.0567232006898, 
2.6e+02, -0.0453785605519, 
2.6e+02, -0.0510508806208, 
2.6e+02, -0.0510508806208, 
2.6e+02, -0.0567232006898, 
2.6e+02, -0.0510508806208, 
2.7e+02, -0.0567232006898, 
2.7e+02, -0.0538870406553, 
2.7e+02, -0.0567232006898, 
2.7e+02, -0.0567232006898, 
2.7e+02, -0.0567232006898, 
2.7e+02, -0.0567232006898, 
2.7e+02, -0.0567232006898, 
2.7e+02, -0.0623955207588, 
2.7e+02, -0.0538870406553, 
2.7e+02, -0.0567232006898, 
2.7e+02, -0.0425424005174, 
2.7e+02, -0.0340339204139, 
2.7e+02, -0.0340339204139, 
2.7e+02, -0.0397062404829, 
2.7e+02, -0.0397062404829, 
2.7e+02, -0.0453785605519, 
2.7e+02, -0.0453785605519, 
2.7e+02, -0.0453785605519, 
2.7e+02, -0.0453785605519, 
2.7e+02, -0.0453785605519, 
2.7e+02, -0.0482147205863, 
2.7e+02, -0.0510508806208, 
2.7e+02, -0.0510508806208, 
2.7e+02, -0.0510508806208, 
2.7e+02, -0.0425424005174, 
2.7e+02, -0.0453785605519, 
2.7e+02, -0.0567232006898, 
2.7e+02, -0.0453785605519, 
2.7e+02, -0.0510508806208, 
2.7e+02, -0.0482147205863, 
2.7e+02, -0.0453785605519, 
2.7e+02, -0.0425424005174, 
2.7e+02, -0.0453785605519, 
2.7e+02, -0.0340339204139, 
2.7e+02, -0.0368700804484, 
2.7e+02, -0.0510508806208, 
2.7e+02, -0.0510508806208, 
2.7e+02, -0.0453785605519, 
2.7e+02, -0.0453785605519, 
2.7e+02, -0.0510508806208, 
2.7e+02, -0.0510508806208, 
2.7e+02, -0.0538870406553, 
2.7e+02, -0.0538870406553, 
2.7e+02, -0.0538870406553, 
2.7e+02, -0.0538870406553, 
2.7e+02, -0.0538870406553, 
2.7e+02, -0.0397062404829, 
2.7e+02, -0.0453785605519, 
2.7e+02, -0.0425424005174, 
2.7e+02, -0.0397062404829, 
2.7e+02, -0.0397062404829, 
2.7e+02, -0.0340339204139, 
2.7e+02, -0.0368700804484, 
2.7e+02, -0.0311977603794, 
2.7e+02, -0.0311977603794, 
2.7e+02, -0.0283616003449, 
2.7e+02, -0.0255254403104, 
2.8e+02, -0.0283616003449, 
2.8e+02, -0.0340339204139, 
2.8e+02, -0.0283616003449, 
2.8e+02, -0.0170169602069, 
2.8e+02, -0.0141808001725, 
2.8e+02, -0.0170169602069, 
2.8e+02, -0.0226892802759, 
2.8e+02, -0.0226892802759, 
2.8e+02, -0.0226892802759, 
2.8e+02, -0.0226892802759, 
2.8e+02, -0.011344640138, 
2.8e+02, -0.0226892802759, 
2.8e+02, -0.0226892802759, 
2.8e+02, -0.0226892802759, 
2.8e+02, -0.0226892802759, 
2.8e+02, -0.0226892802759, 
2.8e+02, -0.0226892802759, 
2.8e+02, -0.0198531202414, 
2.8e+02, -0.0226892802759, 
2.8e+02, -0.0226892802759, 
2.8e+02, -0.0226892802759, 
2.8e+02, -0.0340339204139, 
2.8e+02, -0.0340339204139, 
2.8e+02, -0.0538870406553, 
2.8e+02, -0.0510508806208, 
2.8e+02, -0.0567232006898, 
2.8e+02, -0.0510508806208, 
2.8e+02, -0.0567232006898, 
2.8e+02, -0.0538870406553, 
2.8e+02, -0.0567232006898, 
2.8e+02, -0.0567232006898, 
2.8e+02, -0.0567232006898, 
2.8e+02, -0.0567232006898, 
2.8e+02, -0.0567232006898, 
2.8e+02, -0.0567232006898, 
2.8e+02, -0.0567232006898, 
2.8e+02, -0.0652316807933, 
2.8e+02, -0.0709040008623, 
2.8e+02, -0.0680678408278, 
2.8e+02, -0.0737401608968, 
2.8e+02, -0.0794124809657, 
2.8e+02, -0.0765763209313, 
2.8e+02, -0.0765763209313, 
2.8e+02, -0.0737401608968, 
2.8e+02, -0.0737401608968, 
2.8e+02, -0.0794124809657, 
2.8e+02, -0.0737401608968, 
2.8e+02, -0.0737401608968, 
2.8e+02, -0.0737401608968, 
2.8e+02, -0.0709040008623, 
2.8e+02, -0.0680678408278, 
2.8e+02, -0.0794124809657, 
2.8e+02, -0.0794124809657, 
2.8e+02, -0.0737401608968, 
2.8e+02, -0.0737401608968, 
2.8e+02, -0.0680678408278, 
2.8e+02, -0.0794124809657, 
2.8e+02, -0.0709040008623, 
2.9e+02, -0.0737401608968, 
2.9e+02, -0.0623955207588, 
2.9e+02, -0.0623955207588, 
2.9e+02, -0.0453785605519, 
2.9e+02, -0.0538870406553, 
2.9e+02, -0.0510508806208, 
2.9e+02, -0.0340339204139, 
2.9e+02, -0.0453785605519, 
2.9e+02, -0.0510508806208, 
2.9e+02, -0.0567232006898, 
2.9e+02, -0.0453785605519, 
2.9e+02, -0.0510508806208, 
2.9e+02, -0.011344640138, 
2.9e+02, 0.0226892802759, 
2.9e+02, 0.0510508806208, 
2.9e+02, 0.102101761242, 
2.9e+02, 0.0992656012072, 
2.9e+02, 0.11344640138, 
2.9e+02, 0.116282561414, 
2.9e+02, 0.104937921276, 
2.9e+02, 0.0964294411727, 
2.9e+02, 0.102101761242, 
2.9e+02, 0.104937921276, 
2.9e+02, 0.0964294411727, 
2.9e+02, 0.158824961931, 
2.9e+02, 0.190022722311, 
2.9e+02, 0.209875842552, 
2.9e+02, 0.249582083035, 
2.9e+02, 0.260926723173, 
2.9e+02, 0.25241824307, 
2.9e+02, 0.238237442897, 
2.9e+02, 0.243909762966, 
2.9e+02, 0.255254403104, 
2.9e+02, 0.289288323518, 
2.9e+02, 0.363028484415, 
2.9e+02, 0.439604805346, 
2.9e+02, 0.510508806208, 
2.9e+02, 0.572904326967, 
2.9e+02, 0.629627527657, 
2.9e+02, 0.640972167795, 
2.9e+02, 0.646644487864, 
2.9e+02, 0.646644487864, 
2.9e+02, 0.635299847726, 
2.9e+02, 0.61261056745, 
2.9e+02, 0.595593607243, 
2.9e+02, 0.578576647036, 
2.9e+02, 0.581412807071, 
2.9e+02, 0.544542726622, 
2.9e+02, 0.408407044967, 
2.9e+02, 0.255254403104, 
2.9e+02, 0.124791041518, 
2.9e+02, 0.0170169602069, 
2.9e+02, 0.0170169602069, 
2.9e+02, 0.102101761242, 
2.9e+02, 0.11344640138, 
2.9e+02, 0.0794124809657, 
2.9e+02, 0.124791041518, 
3e+02, 0.229728962794, 
3e+02, 0.249582083035, 
3e+02, 0.243909762966, 
3e+02, 0.306305283725, 
3e+02, 0.300632963656, 
3e+02, 0.340339204139, 
3e+02, 0.39139008476, 
3e+02, 0.39139008476, 
3e+02, 0.340339204139, 
3e+02, 0.351683844277, 
3e+02, 0.397062404829, 
3e+02, 0.368700804484, 
3e+02, 0.300632963656, 
3e+02, 0.260926723173, 
3e+02, 0.300632963656, 
3e+02, 0.323322243932, 
3e+02, 0.351683844277, 
3e+02, 0.380045444622, 
3e+02, 0.385717764691, 
3e+02, 0.402734724898, 
3e+02, 0.346011524208, 
3e+02, 0.306305283725, 
3e+02, 0.363028484415, 
3e+02, 0.431096325243, 
3e+02, 0.397062404829, 
3e+02, 0.294960643587, 
3e+02, 0.226892802759, 
3e+02, 0.192858882345, 
3e+02, 0.184350402242, 
3e+02, 0.226892802759, 
3e+02, 0.260926723173, 
3e+02, 0.306305283725, 
3e+02, 0.283616003449, 
3e+02, 0.317649923863, 
3e+02, 0.397062404829, 
3e+02, 0.431096325243, 
3e+02, 0.399898564863, 
3e+02, 0.357356164346, 
3e+02, 0.39139008476, 
3e+02, 0.465130245656, 
3e+02, 0.397062404829, 
3e+02, 0.294960643587, 
3e+02, 0.300632963656, 
