#ssr105
time, distance, theta, 
0, 1.51662, -0.113446, 
0.376019, 1.51305, -0.340339, 
0.454405, 1.85976, -0.346012, 
0.558286, 2.11738, -0.11061, 
0.59814, 1.51318, -0.328995, 
0.696877, 1.5133, -0.31765, 
0.801359, 1.28368, -0.323322, 
0.903428, 1.28368, -0.323322, 
0.940228, 1.1951, -0.303469, 
1.04396, 1.11872, -0.283616, 
1.14817, 1.28422, -0.277944, 
1.2527, 1.11901, -0.260927, 
1.35606, 1.11901, -0.260927, 
1.45934, 1.28451, -0.255254, 
1.49521, 1.19582, -0.246746, 
1.59942, 1.11932, -0.238237, 
1.70403, 1.11948, -0.226893, 
1.80714, 1.05267, -0.218384, 
1.91481, 0.812149, -0.22122, 
2.01549, 0.812323, -0.209876, 
2.12061, 0.89392, -0.204204, 
2.2247, 0.941209, -0.201367, 
2.32862, 0.89392, -0.204204, 
2.43311, 0.812694, -0.187187, 
2.53547, 0.812694, -0.187187, 
2.57538, 0.812694, -0.187187, 
2.67757, 0.74455, -0.192859, 
2.78123, 0.686603, -0.198531, 
2.88634, 0.63659, -0.204204, 
2.98996, 0.572933, -0.218384, 
3.09105, 0.504012, -0.229729, 
3.19406, 0.536388, -0.235401, 
3.23025, 0.460853, -0.255254, 
3.33521, 0.412162, -0.277944, 
3.43875, 0.336007, -0.311978, 
3.55051, 0.278615, -0.346012, 
3.65057, 0.218768, -0.405571, 
4.05229, 0.549127, -0.828159, 
4.13197, 1.11424, -0.873537, 
4.16847, 0.684685, -0.346012, 
4.27085, 0.684932, -0.323322, 
4.30573, 0.635621, -0.272271, 
4.41031, 0.636078, -0.238237, 
4.51382, 0.592716, -0.22122, 
4.55026, 0.554668, -0.192859, 
4.65389, 0.490213, -0.158825, 
4.7572, 0.393007, -0.14748, 
4.86289, 0.338851, -0.130463, 
4.96509, 0.355557, -0.136136, 
5.06861, 0.323035, -0.136136, 
5.10403, 0.269302, -0.14748, 
5.20724, 0.257705, -0.153153, 
5.24359, 0.217084, -0.175842, 
5.34821, 0.150243, -0.17017, 
5.75144, 0.151587, -0.652317, 
6.13322, 2, 0, 
6.21549, 2, 0, 
6.31638, 2, 0, 
6.3518, 2, 0, 
6.38629, 2, 0, 
6.42107, 2, 0, 
6.52605, 2, 0, 
6.56019, 2, 0, 
6.96675, 0.549127, -0.828159, 
7.0479, 0.386812, -0.794125, 
7.1526, 0.443417, -0.808306, 
7.25658, 0.531519, -0.825323, 
7.36038, 0.631175, -0.839503, 
7.46429, 0.738889, -0.850848, 
7.56937, 0.888386, -0.862193, 
7.67255, 0.888386, -0.862193, 
8.07781, 0.738889, -0.850848, 
8.45887, 0.303645, 0.0595594, 
8.54852, 0.327682, 0.343175, 
8.64555, 0.319116, 0.431096, 
8.74723, 0.304301, 0.448113, 
8.78772, 0.290222, 0.48782, 
8.88855, 0.253524, 0.504836, 
9.29263, 2, 0, 
9.6727, 0.457279, -0.652317, 
9.75499, 0.432179, -0.623955, 
9.85861, 0.45758, -0.606938, 
9.96163, 0.485434, -0.601266, 
9.99896, 0.485592, -0.578577, 
10.102, 0.516576, -0.550215, 
10.2046, 0.48584, -0.544543, 
10.2408, 0.516922, -0.504836, 
10.3451, 0.517294, -0.459458, 
10.4481, 0.517391, -0.448113, 
10.4833, 0.517801, -0.402735, 
10.5859, 0.552365, -0.374373, 
10.6899, 0.518132, -0.368701, 
10.7268, 0.55284, -0.328995, 
10.8302, 0.553097, -0.306305, 
10.938, 0.519011, -0.289288, 
11.0384, 0.55366, -0.260927, 
11.1422, 0.55397, -0.238237, 
11.1768, 0.519762, -0.232565, 
11.2133, 0.520285, -0.198531, 
11.3183, 0.520673, -0.175842, 
11.4193, 0.520673, -0.175842, 
11.4578, 0.520882, -0.164497, 
11.5604, 0.520882, -0.164497, 
11.6634, 0.490213, -0.158825, 
11.7718, 0.520474, -0.187187, 
11.8705, 0.489414, -0.204204, 
11.9087, 0.489237, -0.215548, 
12.0094, 0.489066, -0.226893, 
12.0475, 0.488745, -0.249582, 
12.1485, 0.291972, -0.306305, 
12.187, 0.320253, -0.31765, 
12.2875, 0.267025, -0.294961, 
12.3905, 0.370584, -0.346012, 
12.4269, 0.389978, -0.363028, 
12.5319, 0.434196, -0.374373, 
12.6347, 0.41103, -0.380045, 
12.7374, 0.41103, -0.380045, 
12.7744, 0.389752, -0.385718, 
12.8789, 0.389536, -0.408407, 
12.9818, 0.369608, -0.448113, 
13.0849, 0.334558, -0.459458, 
13.1213, 0.265142, -0.48782, 
13.2257, 0.20445, -0.510509, 
13.3281, 0.35031, -0.601266, 
13.3682, 0.350006, -0.646644, 
13.4708, 0.367733, -0.70904, 
13.5722, 0.387069, -0.748746, 
13.6771, 0.386939, -0.771436, 
13.781, 0.386939, -0.771436, 
13.8866, 0.367531, -0.743074, 
13.9902, 0.387339, -0.703368, 
14.0939, 0.368162, -0.640972, 
14.1977, 0.368628, -0.572904, 
14.3034, 0.369139, -0.504836, 
14.4061, 0.379225, -0.445277, 
14.5152, 0.390216, -0.340339, 
14.6137, 0.391633, -0.226893, 
14.7168, 0.409341, 0.584249, 
14.8204, 0.368468, 0.595594, 
14.8573, 0.350232, 0.612611, 
14.9609, 0.289072, 0.646644, 
15.3663, 0.431082, 0.805469, 
15.4464, 1.50917, 0.884882, 
15.5513, 2.46217, 0.896227, 
15.6549, 2, 0, 
15.7572, 2, 0, 
15.7968, 2, 0, 
15.8974, 2, 0, 
16.0012, 2, 0, 
16.0415, 2, 0, 
16.1399, 2, 0, 
16.2437, 2, 0, 
16.2778, 2, 0, 
16.3158, 2, 0, 
16.4177, 2, 0, 
16.5202, 2, 0, 
16.5596, 2, 0, 
16.9607, 2, 0, 
17.3406, 0.806908, -0.85652, 
17.7263, 2, 0, 
18.106, 2, 0, 
18.4888, 0.587595, -0.833831, 
18.8701, 0.408737, -0.675006, 
19.2518, 0.519151, -0.277944, 
19.3326, 0.536307, -0.241074, 
19.3672, 0.554134, -0.226893, 
19.4008, 0.554482, -0.204204, 
19.5067, 0.554305, -0.215548, 
19.5425, 0.592083, -0.266599, 
19.6478, 0.63534, -0.294961, 
19.7495, 0.591529, -0.311978, 
19.854, 0.635075, -0.31765, 
19.9578, 0.635075, -0.31765, 
19.9983, 0.684685, -0.346012, 
20.0975, 0.68445, -0.368701, 
20.2001, 0.684227, -0.39139, 
20.3032, 0.634041, -0.419752, 
20.3396, 0.683423, -0.482147, 
20.4449, 0.74123, -0.48782, 
20.5475, 0.741049, -0.510509, 
20.9522, 0.810587, -0.346012, 
21.0321, 0.742722, -0.328995, 
21.0693, 0.810709, -0.334667, 
21.1739, 0.810709, -0.334667, 
21.2754, 0.810709, -0.334667, 
21.3139, 0.810468, -0.357356, 
21.415, 0.810352, -0.368701, 
21.5191, 0.991623, -0.380045, 
21.6267, 0.991404, -0.402735, 
21.728, 0.991404, -0.402735, 
21.8311, 0.991404, -0.402735, 
21.8683, 0.991512, -0.39139, 
21.9718, 0.991299, -0.414079, 
22.0776, 0.990526, -0.504836, 
22.4792, 1.11872, -0.283616, 
22.5612, 1.28343, -0.346012, 
22.6661, 1.28308, -0.380045, 
22.7713, 1.11771, -0.374373, 
22.8724, 1.11771, -0.374373, 
22.9076, 1.28297, -0.39139, 
23.0109, 1.28287, -0.402735, 
23.115, 1.28287, -0.402735, 
23.1493, 1.28256, -0.436769, 
23.2551, 1.28226, -0.470803, 
23.6602, 1.28408, -0.289288, 
23.7407, 1.51259, -0.385718, 
23.8448, 1.28287, -0.402735, 
23.9483, 1.28276, -0.414079, 
24.0528, 1.28276, -0.414079, 
24.1568, 1.11749, -0.397062, 
24.2609, 1.28297, -0.39139, 
24.3639, 1.28287, -0.402735, 
24.4704, 1.1176, -0.385718, 
24.5719, 1.19425, -0.382882, 
24.6103, 1.19431, -0.377209, 
24.7111, 1.28308, -0.380045, 
24.7456, 1.19431, -0.377209, 
24.7817, 1.19431, -0.377209, 
24.8857, 1.11512, -0.714712, 
24.989, 1.11794, -0.351684, 
25.0234, 1.11547, -0.657989, 
25.1273, 1.11831, -0.31765, 
25.1616, 1.19504, -0.309141, 
25.1982, 1.11593, -0.589921, 
25.3016, 1.11625, -0.544543, 
25.4039, 1.11634, -0.533198, 
25.4407, 1.1166, -0.499164, 
25.5452, 1.11932, -0.238237, 
25.6475, 1.11948, -0.226893, 
25.6864, 1.12021, -0.181514, 
25.7882, 1.11819, -0.328995, 
25.8924, 0.992614, -0.289288, 
25.997, 0.993205, -0.24391, 
26.1029, 0.893743, -0.215548, 
26.2054, 0.89392, -0.204204, 
26.245, 0.537943, -0.144644, 
26.343, 0.637857, -0.136136, 
26.449, 0.745888, -0.124791, 
26.5507, 0.81436, -0.107774, 
26.5864, 0.688769, -0.0964294, 
26.6898, 0.61696, -0.0765763, 
26.7962, 0.71898, -0.0368701, 
26.8979, 0.69276, -0.017017, 
27.0017, 0.694604, -0.00567232, 
27.0379, 0.65142, 0, 
27.1408, 0.643573, 0.0113446, 
27.1794, 0.578178, 0.0311978, 
27.28, 0.558663, 0.0453786, 
27.3841, 0.5236, 0.0623955, 
27.4876, 0.492601, 0.0680678, 
27.5246, 0.451545, 0.0765763, 
27.6273, 0.426847, 0.0935933, 
27.7322, 0.383732, 0.116283, 
27.8362, 0.323035, 0.136136, 
27.9397, 0.280921, 0.175842, 
28.0434, 0.207587, 0.215548, 
28.447, 0.241092, 0.737402, 
28.5304, 0.456337, 0.811142, 
28.6325, 0.549127, 0.828159, 
28.6696, 1.11424, 0.873537, 
29.0731, 3.92733, 0.527526, 
29.1523, 1.2814, 0.584249, 
29.1875, 0.989855, 0.595594, 
29.2222, 0.990264, 0.53887, 
29.6273, 2, 0, 
30.0089, 2, 0, 
30.0897, 2, 0, 
30.1236, 2, 0, 
30.1576, 2, 0, 
30.2286, 2, 0, 
30.2652, 2, 0, 
30.366, 2, 0, 
30.4, 2, 0, 
30.436, 2, 0, 
30.4714, 2, 0, 
30.5059, 2, 0, 
30.6099, 2, 0, 
30.6435, 2, 0, 
30.7495, 2, 0, 
30.7838, 2, 0, 
30.8187, 2, 0, 
30.9225, 2, 0, 
30.9564, 2, 0, 
30.9944, 2, 0, 
31.0959, 2, 0, 
31.1315, 2, 0, 
31.1675, 2, 0, 
31.2706, 2, 0, 
31.3046, 2, 0, 
31.3421, 2, 0, 
31.4429, 2, 0, 
31.4821, 2, 0, 
31.5818, 2, 0, 
31.6167, 2, 0, 
31.652, 2, 0, 
31.7579, 2, 0, 
31.8586, 2, 0, 
31.8971, 2, 0, 
31.9983, 2, 0, 
32.0323, 2, 0, 
32.0703, 2, 0, 
32.1717, 2, 0, 
32.2066, 2, 0, 
32.2417, 2, 0, 
32.3465, 2, 0, 
32.3802, 2, 0, 
32.4154, 2, 0, 
32.8196, 2, 0, 
33.2023, 1.8559, -0.890554, 
33.2828, 1.27964, -0.87921, 
33.3195, 1.27964, -0.87921, 
33.4208, 1.50917, -0.884882, 
33.4593, 1.50917, -0.884882, 
33.5611, 1.50917, -0.884882, 
33.6655, 1.50917, -0.884882, 
33.77, 1.11424, -0.873537, 
33.8732, 1.11424, -0.873537, 
33.9076, 0.738889, -0.850848, 
34.0143, 0.484121, -0.816814, 
34.116, 0.367272, -0.788452, 
34.2202, 0.340633, -0.779944, 
34.2551, 0.263498, -0.726057, 
34.3576, 0.252119, -0.70904, 
34.3964, 0.216847, -0.655153, 
34.7988, 1.27964, -0.87921, 
34.8779, 1.50923, -0.873537, 
34.9179, 1.85677, -0.731729, 
35.32, 2, 0, 
35.3996, 2, 0, 
35.4341, 2, 0, 
35.468, 2, 0, 
35.5724, 2, 0, 
35.6126, 2, 0, 
35.7125, 2, 0, 
35.7487, 2, 0, 
35.8515, 2, 0, 
35.954, 2, 0, 
35.9936, 2, 0, 
36.094, 2, 0, 
36.1301, 2, 0, 
36.5334, 2, 0, 
36.6154, 2.46217, -0.896227, 
36.7223, 1.51011, -0.714712, 
36.8238, 1.51004, -0.726057, 
36.9293, 1.8567, -0.743074, 
37.0308, 1.50997, -0.737402, 
37.1352, 1.50997, -0.737402, 
37.1699, 1.38488, -0.734565, 
37.2747, 1.51011, -0.714712, 
37.3776, 1.51018, -0.703368, 
37.416, 1.51032, -0.680678, 
37.5171, 1.51046, -0.657989, 
37.6235, 1.85741, -0.629628, 
37.7253, 1.85748, -0.618283, 
37.7636, 2.46217, -0.896227, 
37.8649, 0.988232, -0.867865, 
37.9696, 0.587595, -0.833831, 
38.074, 0.431082, -0.805469, 
38.1782, 0.302093, -0.765763, 
38.281, 0.349185, -0.78278, 
38.3851, 0.302426, -0.70904, 
38.4966, 0.289222, -0.623955, 
38.5943, 0.26505, -0.499164, 
38.6978, 0.265425, -0.453786, 
38.8044, 0.260197, -0.388554, 
38.9056, 0.244552, -0.306305, 
39.0124, 0.23556, -0.209876, 
39.114, 0.226684, -0.158825, 
39.2177, 0.209864, -0.102102, 
39.3229, 0.204566, -0.0283616, 
39.4275, 0.202317, 0.0737402, 
39.8412, 0.549127, -0.828159, 
39.9448, 0.387004, -0.760091, 
39.9801, 0.387551, -0.669334, 
40.0148, 0.43291, -0.521853, 
40.1202, 0.446353, -0.394226, 
40.2246, 0.435491, -0.260927, 
40.3287, 0.46326, -0.119119, 
40.4326, 0.504244, 0, 
40.5375, 0.463547, 0.107774, 
40.6404, 0.462993, 0.130463, 
40.6822, 0.489414, 0.204204, 
40.7804, 0.488745, 0.249582, 
40.8828, 0.488445, 0.272271, 
40.9209, 0.518742, 0.311978, 
41.0218, 0.552596, 0.351684, 
41.1268, 0.552144, 0.397062, 
41.2293, 0.552037, 0.408407, 
41.2677, 0.55173, 0.442441, 
41.369, 0.55144, 0.476475, 
41.4737, 0.533611, 0.502, 
41.5772, 0.551167, 0.510509, 
41.6835, 0.516746, 0.527526, 
41.7852, 0.516746, 0.527526, 
41.8211, 0.516411, 0.572904, 
41.9245, 0.485356, 0.612611, 
42.0279, 0.550347, 0.623955, 
42.0627, 0.515945, 0.640972, 
42.1694, 0.500026, 0.660825, 
42.2717, 0.515727, 0.675006, 
42.3793, 0.515656, 0.686351, 
42.4818, 0.550052, 0.669334, 
42.5841, 0.515798, 0.663661, 
42.6185, 0.485204, 0.6353, 
42.7255, 0.485434, 0.601266, 
42.8271, 0.485673, 0.567232, 
42.9316, 0.486011, 0.521853, 
43.0354, 0.501384, 0.473639, 
43.14, 0.486969, 0.408407, 
43.2436, 0.487529, 0.351684, 
43.3483, 0.460282, 0.300633, 
43.4524, 0.488745, 0.249582, 
43.5559, 0.448193, 0.235401, 
43.5926, 0.436499, 0.192859, 
43.6955, 0.46251, 0.153153, 
43.7985, 0.437838, 0.124791, 
43.9066, 0.438739, 0.0907571, 
44.0073, 0.42803, 0.0595594, 
44.1095, 0.417104, 0.0510509, 
44.1503, 0.406703, 0.0425424, 
44.2514, 0.396162, 0.0453786, 
44.3572, 0.396162, 0.0453786, 
44.4603, 0.38604, 0.0482147, 
44.5633, 0.396162, 0.0453786, 
44.6663, 0.38604, 0.0482147, 
44.7007, 0.357935, 0.0567232, 
44.8073, 0.357477, 0.0680678, 
44.9089, 0.375817, 0.0623955, 
44.9435, 0.357075, 0.0794125, 
45.0489, 0.339404, 0.107774, 
45.1522, 0.355815, 0.124791, 
45.2563, 0.338602, 0.141808, 
45.3604, 0.34669, 0.150316, 
45.3957, 0.338147, 0.164497, 
45.4999, 0.337739, 0.187187, 
45.6043, 0.329433, 0.20704, 
45.7081, 0.337109, 0.226893, 
45.8122, 0.336866, 0.24391, 
45.9169, 0.353321, 0.272271, 
46.0203, 0.361828, 0.303469, 
46.1229, 0.352906, 0.306305, 
46.1598, 0.352649, 0.328995, 
46.2634, 0.370706, 0.334667, 
46.3673, 0.390096, 0.351684, 
46.4714, 0.389978, 0.363028, 
46.5768, 0.389752, 0.385718, 
46.6793, 0.389536, 0.408407, 
46.7847, 0.433764, 0.419752, 
46.8882, 0.410706, 0.414079, 
46.9919, 0.433868, 0.408407, 
47.0954, 0.433975, 0.397062, 
47.1314, 0.459208, 0.402735, 
47.2346, 0.459208, 0.402735, 
47.3385, 0.459316, 0.39139, 
47.442, 0.487185, 0.385718, 
47.4798, 0.487411, 0.363028, 
47.5813, 0.487411, 0.363028, 
47.6193, 0.487649, 0.340339, 
47.7201, 0.518742, 0.311978, 
47.8252, 0.518875, 0.300633, 
47.932, 0.519011, 0.289288, 
48.0336, 0.519296, 0.266599, 
48.138, 0.435201, 0.283616, 
48.2428, 0.55397, 0.238237, 
48.3449, 0.59289, 0.209876, 
48.4488, 0.554862, 0.181514, 
48.5531, 0.555066, 0.17017, 
48.6556, 0.554862, 0.181514, 
48.6926, 0.554668, 0.192859, 
48.7978, 0.554305, 0.215548, 
49.2017, 0.684807, -0.334667, 
49.2806, 0.590919, -0.368701, 
49.3159, 0.552365, -0.374373, 
49.4195, 0.552365, -0.374373, 
49.4566, 0.552365, -0.374373, 
49.5592, 0.518132, -0.368701, 
49.5981, 0.518019, -0.380045, 
49.6972, 0.518019, -0.380045, 
49.7345, 0.487185, -0.385718, 
49.8375, 0.487185, -0.385718, 
49.9411, 0.487185, -0.385718, 
50.0453, 0.459316, -0.39139, 
50.1503, 0.459316, -0.39139, 
50.2534, 0.459316, -0.39139, 
50.3566, 0.459316, -0.39139, 
50.3935, 0.487185, -0.385718, 
50.4972, 0.487185, -0.385718, 
50.6005, 0.459316, -0.39139, 
50.6356, 0.487185, -0.385718, 
50.7426, 0.305399, -0.334667, 
50.8436, 0.291715, -0.328995, 
50.8788, 0.305524, -0.323322, 
50.9821, 0.320253, -0.31765, 
51.0891, 0.370831, -0.323322, 
51.1898, 0.411624, -0.323322, 
51.2284, 0.460021, -0.323322, 
51.3282, 0.487899, -0.31765, 
51.3636, 0.487899, -0.31765, 
51.398, 0.487649, -0.340339, 
51.5016, 0.487649, -0.340339, 
51.5371, 0.459774, -0.346012, 
51.5706, 0.459774, -0.346012, 
51.6746, 0.459896, -0.334667, 
51.7098, 0.411753, -0.311978, 
51.7446, 0.336007, -0.311978, 
51.8488, 0.305784, -0.300633, 
51.8836, 0.279259, -0.289288, 
51.9176, 0.413684, -0.175842, 
52.0215, 0.414114, -0.153153, 
52.0566, 0.43758, -0.136136, 
52.0938, 0.439098, -0.0794125, 
52.1953, 0.4395, -0.0680678, 
52.2307, 0.417104, -0.0510509, 
52.2657, 0.469693, 0.00567232, 
52.3688, 0.442002, 0.0226893, 
52.4045, 0.417693, 0.0397062, 
52.4403, 0.4642, 0.0850848, 
52.5431, 0.438413, 0.102102, 
52.5799, 0.437339, 0.14748, 
52.6828, 0.46229, 0.164497, 
52.7169, 0.436693, 0.181514, 
52.7578, 0.436136, 0.215548, 
52.8561, 0.435802, 0.238237, 
52.8902, 0.435201, 0.283616, 
52.9934, 0.434672, 0.328995, 
53.0976, 0.434548, 0.340339, 
53.1347, 0.434196, 0.374373, 
53.2371, 0.434085, 0.385718, 
53.2736, 0.458999, 0.425424, 
53.3773, 0.433367, 0.46513, 
53.4807, 0.433179, 0.48782, 
53.5162, 0.432824, 0.533198, 
53.6184, 0.432824, 0.533198, 
53.6584, 0.409844, 0.516181, 
53.7589, 0.410023, 0.493492, 
53.8616, 0.433179, 0.48782, 
53.8966, 0.433179, 0.48782, 
53.9314, 0.433367, 0.46513, 
54.0351, 0.410401, 0.448113, 
54.0748, 0.410602, 0.425424, 
54.1753, 0.410919, 0.39139, 
54.2793, 0.41103, 0.380045, 
54.314, 0.411499, 0.334667, 
54.4181, 0.412021, 0.289288, 
54.5209, 0.412307, 0.266599, 
54.5588, 0.436136, 0.215548, 
54.6596, 0.436897, 0.17017, 
54.764, 0.414114, 0.153153, 
54.7997, 0.438413, 0.102102, 
54.9023, 0.394406, 0.0907571, 
54.9376, 0.395168, 0.0680678, 
54.9719, 0.39767, 0.0226893, 
55.0758, 0.380503, 0.00567232, 
55.1115, 0.361273, -0.0113446, 
55.1463, 0.242598, -0.11061, 
55.2493, 0.258455, -0.119119, 
55.2862, 0.2698, -0.124791, 
55.3925, 0.2698, -0.124791, 
55.4927, 0.281834, -0.130463, 
55.5278, 0.294881, -0.124791, 
55.5616, 0.323035, -0.136136, 
55.632, 0.294382, -0.14748, 
55.6664, 0.294382, -0.14748, 
55.7043, 0.269075, -0.158825, 
55.8046, 0.281585, -0.141808, 
55.8398, 0.270077, -0.113446, 
55.8757, 0.249582, -0.0567232, 
55.9786, 0.266785, -0.0425424, 
56.0141, 0.262023, -0.0283616, 
56.0495, 0.19698, -0.0226893, 
56.1517, 0.183218, -0.0113446, 
56.189, 0.191692, -0.00567232, 
56.2952, 0.240715, 0, 
56.3968, 0.252919, 0.0113446, 
56.4997, 0.231574, 0.0226893, 
56.6033, 0.203827, 0.0397062, 
56.6398, 0.202317, 0.0737402, 
56.7428, 0.228311, 0.0907571, 
56.8467, 0.238629, 0.0737402, 
56.9499, 0.228311, 0.0907571, 
56.9881, 0.219583, 0.0737402, 
57.3918, 0.386812, 0.794125, 
57.4713, 0.587595, 0.833831, 
57.5077, 0.438413, -0.102102, 
57.6113, 0.39278, -0.158825, 
57.7161, 0.392361, -0.181514, 
57.8235, 0.39278, -0.158825, 
57.9215, 0.37332, -0.153153, 
57.957, 0.355316, -0.14748, 
57.9925, 0.324193, -0.0907571, 
58.0954, 0.340437, -0.0737402, 
58.1313, 0.325413, -0.0567232, 
58.1664, 0.300339, 0.0113446, 
58.2685, 0.285669, 0.0283616, 
58.3039, 0.272457, 0.0453786, 
58.3389, 0.228311, 0.0907571, 
58.4424, 0.227985, 0.102102, 
58.4777, 0.227686, 0.113446, 
58.513, 0.200027, 0.164497, 
58.6171, 0.203735, 0.190023, 
58.6543, 0.202425, 0.28078, 
58.758, 0.197277, 0.368701, 
58.8593, 0.197054, 0.39139, 
58.8942, 0.188639, 0.431096, 
58.9373, 0.180418, 0.493492, 
59.3344, 2, 0, 
59.4151, 2, 0, 
59.4488, 2, 0, 
59.4832, 2, 0, 
59.5909, 2, 0, 
59.6921, 2, 0, 
59.7273, 2, 0, 
59.763, 2, 0, 
59.8644, 2, 0, 
59.8997, 2, 0, 
59.9354, 2, 0, 
60.0381, 2, 0, 
60.0746, 2, 0, 
60.1096, 2, 0, 
60.2118, 2, 0, 
60.2477, 2, 0, 
60.2885, 2, 0, 
60.385, 2, 0, 
60.4202, 2, 0, 
60.4552, 2, 0, 
60.5583, 2, 0, 
60.592, 2, 0, 
60.6267, 2, 0, 
60.9622, 2, 0, 
61.3463, 0.386812, 0.794125, 
61.4269, 0.332383, 0.777108, 
61.4619, 0.332383, 0.777108, 
61.4958, 0.332383, 0.777108, 
61.5655, 0.332383, 0.777108, 
61.6008, 0.515381, 0.731729, 
61.6361, 0.316726, 0.771436, 
61.7389, 0.302093, 0.765763, 
61.7745, 0.288379, 0.760091, 
61.8092, 0.44404, 0.700532, 
61.9128, 0.275496, 0.754419, 
61.9485, 0.515727, 0.675006, 
61.9838, 0.550197, 0.646644, 
62.0863, 0.515945, 0.640972, 
62.1215, 0.516251, 0.595594, 
62.2288, 0.550992, 0.533198, 
62.3292, 0.551079, 0.521853, 
62.3647, 0.589709, 0.504836, 
62.4, 0.590081, 0.459458, 
62.5024, 0.55173, 0.442441, 
62.5383, 0.55183, 0.431096, 
62.5736, 0.590806, 0.380045, 
62.6767, 0.590919, 0.368701, 
62.7143, 0.591401, 0.323322, 
62.8174, 0.55337, 0.283616, 
62.9195, 0.591938, 0.277944, 
62.9555, 0.592549, 0.232565, 
63.0582, 0.592716, 0.22122, 
63.0937, 0.59289, 0.209876, 
63.1286, 0.554668, 0.192859, 
63.2313, 0.593261, 0.187187, 
63.2675, 0.593669, 0.164497, 
63.3759, 0.555508, 0.14748, 
63.4744, 0.555749, 0.136136, 
63.5093, 0.556006, 0.124791, 
63.5456, 0.53845, 0.121955, 
63.648, 0.521852, 0.119119, 
63.6838, 0.556283, 0.113446, 
63.72, 0.538588, 0.116283, 
63.8218, 0.538732, 0.11061, 
63.8573, 0.556283, 0.113446, 
63.8935, 0.521852, 0.119119, 
63.9953, 0.521852, 0.119119, 
64.0305, 0.521852, 0.119119, 
64.0664, 0.521586, 0.130463, 
64.1692, 0.505731, 0.1333, 
64.2043, 0.490681, 0.136136, 
64.2401, 0.490213, 0.158825, 
64.3417, 0.490213, 0.158825, 
64.3789, 0.489794, 0.181514, 
64.4864, 0.489414, 0.204204, 
64.5859, 0.489414, 0.204204, 
64.6217, 0.489066, 0.226893, 
64.7252, 0.488745, 0.249582, 
64.8289, 0.460703, 0.266599, 
64.864, 0.460418, 0.289288, 
64.9667, 0.460282, 0.300633, 
65.003, 0.487649, 0.340339, 
65.1053, 0.434428, 0.351684, 
65.1408, 0.487411, 0.363028, 
65.176, 0.487076, 0.397062, 
65.2794, 0.486969, 0.408407, 
65.3143, 0.459102, 0.414079, 
65.3489, 0.486762, 0.431096, 
65.4528, 0.486662, 0.442441, 
65.4883, 0.486564, 0.453786, 
65.5237, 0.486373, 0.476475, 
65.6262, 0.48628, 0.48782, 
65.6614, 0.486189, 0.499164, 
65.6968, 0.486011, 0.521853, 
65.7996, 0.486011, 0.521853, 
65.837, 0.457983, 0.550215, 
65.9418, 0.516576, 0.550215, 
66.0426, 0.516576, 0.550215, 
66.0779, 0.516576, 0.550215, 
66.1123, 0.550992, 0.533198, 
66.2161, 0.551079, 0.521853, 
66.2555, 0.551167, 0.510509, 
66.3561, 0.589709, 0.504836, 
66.459, 0.551256, 0.499164, 
66.4946, 0.5898, 0.493492, 
66.5302, 0.589985, 0.470803, 
66.6323, 0.611402, 0.433932, 
66.7365, 0.634041, 0.419752, 
66.7784, 0.634252, 0.397062, 
66.875, 0.634361, 0.385718, 
66.9107, 0.634361, 0.385718, 
66.9455, 0.634587, 0.363028, 
67.0487, 0.634825, 0.340339, 
67.0841, 0.634825, 0.340339, 
67.127, 0.635206, 0.306305, 
67.2219, 0.63534, 0.294961, 
67.2575, 0.659595, 0.28078, 
67.2924, 0.660201, 0.235401, 
67.3955, 0.660366, 0.224057, 
67.4311, 0.636413, 0.215548, 
67.4663, 0.686603, 0.198531, 
67.5689, 0.714461, 0.195695, 
67.6062, 0.686991, 0.175842, 
67.711, 0.661526, 0.155989, 
67.8124, 0.71529, 0.150316, 
67.8471, 0.687655, 0.141808, 
67.8818, 0.687904, 0.130463, 
67.951, 0.745888, 0.124791, 
67.9899, 0.688458, 0.107774, 
68.0921, 0.716664, 0.0935933, 
68.1942, 0.689111, 0.0850848, 
68.2293, 0.717014, 0.0822486, 
68.2642, 0.717404, 0.070904, 
68.3678, 0.689918, 0.0623955, 
68.472, 0.717847, 0.0595594, 
68.5081, 0.690412, 0.0510509, 
68.6107, 0.690412, 0.0510509, 
68.6465, 0.690412, 0.0510509, 
68.6815, 0.718361, 0.0482147, 
68.7837, 0.718361, 0.0482147, 
68.8877, 0.690692, 0.0453786, 
68.9253, 0.749199, 0.0340339, 
69.0265, 0.691001, 0.0397062, 
69.0625, 0.691001, 0.0397062, 
69.1085, 0.690412, 0.0510509, 
69.1999, 0.690412, 0.0510509, 
69.2361, 0.748545, 0.0453786, 
69.271, 0.748009, 0.0567232, 
69.3736, 0.690412, 0.0510509, 
69.4097, 0.690412, 0.0510509, 
69.4445, 0.718093, 0.053887, 
69.5475, 0.748009, 0.0567232, 
69.5832, 0.748009, 0.0567232, 
69.6181, 0.717618, 0.0652317, 
69.7206, 0.747551, 0.0680678, 
69.7573, 0.463547, 0.107774, 
69.8612, 0.491215, 0.113446, 
69.8958, 0.491215, 0.113446, 
69.9327, 0.491215, 0.113446, 
70.0357, 0.491215, 0.113446, 
70.1416, 0.521852, 0.119119, 
70.2432, 0.490681, 0.136136, 
70.3471, 0.46251, 0.153153, 
70.4509, 0.46251, 0.153153, 
70.4862, 0.490213, 0.158825, 
70.5888, 0.521103, 0.153153, 
70.6279, 0.555508, 0.14748, 
70.7284, 0.555508, 0.14748, 
70.7627, 0.555508, 0.14748, 
70.7999, 0.555508, 0.14748, 
70.9007, 0.555508, 0.14748, 
70.9363, 0.555508, 0.14748, 
70.9718, 0.555508, 0.14748, 
71.0741, 0.555508, 0.14748, 
71.1103, 0.521337, 0.141808, 
71.1478, 0.555508, 0.14748, 
71.249, 0.555508, 0.14748, 
71.2848, 0.521103, 0.153153, 
71.3894, 0.521103, 0.153153, 
71.4925, 0.521337, 0.141808, 
71.5947, 0.521337, 0.141808, 
71.6297, 0.521337, 0.141808, 
71.6683, 0.521337, 0.141808, 
71.7698, 0.505486, 0.144644, 
71.804, 0.393505, 0.124791, 
71.8419, 0.521103, 0.153153, 
71.9418, 0.521103, 0.153153, 
71.9769, 0.521337, 0.141808, 
72.0115, 0.521103, 0.153153, 
72.1152, 0.521103, 0.153153, 
72.1513, 0.521103, 0.153153, 
72.187, 0.521103, 0.153153, 
72.2933, 0.49044, 0.14748, 
72.3935, 0.49044, 0.14748, 
72.4286, 0.49044, 0.14748, 
72.463, 0.462744, 0.141808, 
72.5663, 0.462993, 0.130463, 
72.6705, 0.462993, 0.130463, 
72.7066, 0.462993, 0.130463, 
72.7406, 0.521337, 0.141808, 
72.8439, 0.555508, 0.14748, 
72.8797, 0.555508, 0.14748, 
72.914, 0.59389, 0.153153, 
73.0179, 0.637389, 0.158825, 
73.0539, 0.637174, 0.17017, 
73.1569, 0.59346, 0.175842, 
73.194, 0.593261, 0.187187, 
73.2958, 0.593072, 0.198531, 
73.3313, 0.593072, 0.198531, 
73.3679, 0.554482, 0.204204, 
73.4692, 0.59289, 0.209876, 
73.5055, 0.519929, 0.22122, 
73.61, 0.461336, 0.22122, 
73.7129, 0.435966, 0.226893, 
73.7469, 0.435966, 0.226893, 
73.786, 0.435802, 0.238237, 
73.8862, 0.45954, -0.368701, 
73.9906, 0.434085, -0.385718, 
74.0281, 0.421879, -0.42826, 
74.1284, 0.410401, -0.448113, 
74.1661, 0.378799, -0.496328, 
74.2712, 0.325882, -0.547379, 
74.372, 0.310594, -0.564396, 
74.4072, 0.270347, -0.592757, 
74.5101, 0.264295, -0.601266, 
74.5493, 0.221528, -0.657989, 
74.6508, 0.316726, -0.771436, 
75.0553, 0.292534, -0.260927, 
75.1349, 0.517801, -0.402735, 
75.1695, 0.51749, -0.436769, 
75.2034, 0.51749, -0.436769, 
75.3115, 0.55173, -0.442441, 
75.4125, 0.517391, -0.448113, 
75.4471, 0.517294, -0.459458, 
75.4853, 0.551631, -0.453786, 
75.5862, 0.517294, -0.459458, 
75.6214, 0.551631, -0.453786, 
75.6567, 0.551535, -0.46513, 
75.7588, 0.551631, -0.453786, 
75.7973, 0.55173, -0.442441, 
75.8995, 0.55173, -0.442441, 
75.9346, 0.55173, -0.442441, 
76.0372, 0.55173, -0.442441, 
76.0737, 0.55173, -0.442441, 
76.1774, 0.51749, -0.436769, 
76.2801, 0.517592, -0.425424, 
76.3151, 0.517592, -0.425424, 
76.3493, 0.487185, -0.385718, 
76.454, 0.518019, -0.380045, 
76.4934, 0.487649, -0.340339, 
76.5927, 0.487772, -0.328995, 
76.628, 0.487899, -0.31765, 
76.6639, 0.488445, -0.272271, 
76.7661, 0.488745, -0.249582, 
76.8021, 0.489237, -0.215548, 
76.906, 0.46208, -0.175842, 
77.0089, 0.46229, -0.164497, 
77.044, 0.46251, -0.153153, 
77.0798, 0.437838, -0.124791, 
77.1825, 0.438114, -0.113446, 
77.2177, 0.438413, -0.102102, 
77.254, 0.439098, -0.0794125, 
77.356, 0.439098, -0.0794125, 
77.3933, 0.396162, -0.0453786, 
77.4982, 0.378659, 0.017017, 
77.5985, 0.377638, 0.0283616, 
77.6342, 0.357935, 0.0567232, 
77.6702, 0.338851, 0.130463, 
77.7723, 0.322567, 0.158825, 
77.8108, 0.292845, 0.238237, 
77.9122, 0.306206, 0.266599, 
77.9473, 0.27838, 0.368701, 
78.0495, 0.265329, 0.46513, 
78.1539, 0.26505, 0.499164, 
78.1897, 0.276994, 0.527526, 
78.2233, 0.264066, 0.6353, 
78.327, 0.269785, 0.677842, 
78.664, 2, 0, 
78.7429, 2, 0, 
78.7806, 2, 0, 
78.8822, 2, 0, 
78.9178, 2, 0, 
78.9526, 2, 0, 
79.0559, 2, 0, 
79.0911, 2, 0, 
79.127, 2, 0, 
79.2292, 2, 0, 
79.5651, 2, 0, 
79.9461, 2, 0, 
80.0287, 2, 0, 
80.0627, 2, 0, 
80.0973, 2, 0, 
80.2006, 2, 0, 
80.2372, 2, 0, 
80.2747, 2, 0, 
80.3749, 2, 0, 
80.478, 2, 0, 
80.513, 2, 0, 
80.5506, 2, 0, 
80.652, 2, 0, 
80.6864, 2, 0, 
80.7202, 2, 0, 
80.7569, 2, 0, 
81.0928, 2, 0, 
81.1741, 2, 0, 
81.2077, 1.85719, -0.663661, 
81.3115, 2.46345, -0.669334, 
81.347, 2.46345, -0.669334, 
81.3821, 1.85704, -0.686351, 
81.4855, 2.4633, -0.692023, 
81.5216, 1.85697, -0.697695, 
81.624, 2.4633, -0.692023, 
81.6598, 2.4633, -0.692023, 
81.6941, 2.4633, -0.692023, 
81.7977, 2.4633, -0.692023, 
81.9015, 2.4633, -0.692023, 
81.9388, 1.85704, -0.686351, 
82.0407, 1.85704, -0.686351, 
82.0776, 1.85712, -0.675006, 
82.1815, 1.85726, -0.652317, 
82.2857, 2.46374, -0.623955, 
82.3875, 1.85772, -0.584249, 
82.4917, 1.8578, -0.572904, 
82.5297, 2.46447, -0.521853, 
82.6303, 2.11221, -0.507673, 
82.6656, 2.46474, -0.48782, 
82.701, 2.46483, -0.476475, 
82.7351, 3.92818, -0.425424, 
82.8386, 2.46543, -0.408407, 
82.8754, 2.46599, -0.351684, 
82.9776, 2, 0, 
83.0153, 2, 0, 
83.1192, 2, 0, 
83.2203, 2, 0, 
83.2551, 2, 0, 
83.2905, 2, 0, 
83.3933, 2, 0, 
83.4275, 2, 0, 
83.4629, 2, 0, 
83.4986, 2, 0, 
83.602, 2, 0, 
83.6382, 2, 0, 
83.7409, 2, 0, 
83.7758, 2, 0, 
83.811, 2, 0, 
83.845, 2, 0, 
83.9485, 2, 0, 
83.9836, 2, 0, 
84.0184, 2, 0, 
84.0561, 2, 0, 
84.1577, 2, 0, 
84.1932, 2, 0, 
84.2309, 2, 0, 
84.3309, 6.17099, 0.813978, 
84.3674, 1.86607, -0.0397062, 
84.4704, 1.86607, -0.0397062, 
84.5063, 2.12455, 0.00283616, 
84.609, 2.47486, 0.0113446, 
84.7135, 2.47486, 0.0113446, 
84.7584, 1.86967, 0.00567232, 
84.8517, 2.48271, 0, 
84.8902, 1.86456, -0.0737402, 
84.9925, 1.86967, 0.00567232, 
85.0953, 1.86967, 0.00567232, 
85.1301, 1.86967, 0.00567232, 
85.167, 1.86967, 0.00567232, 
85.2684, 1.86967, 0.00567232, 
85.3043, 1.86967, 0.00567232, 
85.3445, 1.86783, 0.017017, 
85.4414, 1.86783, 0.017017, 
85.5467, 1.86783, 0.017017, 
85.5831, 1.52051, 0.0226893, 
85.6855, 1.52051, 0.0226893, 
85.7228, 1.67408, 0.0198531, 
85.8256, 1.52051, 0.0226893, 
85.9287, 1.52051, 0.0226893, 
85.9638, 1.52051, 0.0226893, 
86.002, 1.51965, 0.0340339, 
86.1012, 1.51965, 0.0340339, 
86.1367, 1.29049, 0.0283616, 
86.1729, 1.29049, 0.0283616, 
86.2751, 1.28975, 0.0397062, 
86.3102, 1.28975, 0.0397062, 
86.3462, 1.28975, 0.0397062, 
86.4485, 1.51431, -0.238237, 
86.4841, 1.86324, -0.119119, 
86.5199, 1.12347, 0.0567232, 
86.6221, 1.12347, 0.0567232, 
86.6574, 1.28916, 0.0510509, 
86.6929, 1.28916, 0.0510509, 
86.7962, 1.12401, 0.0453786, 
86.8318, 1.12401, 0.0453786, 
86.9378, 1.12466, 0.0340339, 
87.0396, 0.999024, 0.0283616, 
87.1431, 0.899609, 0.0226893, 
87.2469, 1.00005, 0.017017, 
87.2835, 0.900903, 0.0113446, 
87.385, 1.00189, 0.00567232, 
87.4204, 0.900903, 0.0113446, 
87.4559, 0.598208, -0.0283616, 
87.5583, 0.598208, -0.0283616, 
87.5941, 0.598208, -0.0283616, 
87.6292, 0.641425, -0.0340339, 
87.7321, 0.597469, -0.0397062, 
87.7679, 0.597469, -0.0397062, 
87.8054, 0.640771, -0.0453786, 
87.9063, 0.640235, -0.0567232, 
88.0103, 0.596387, -0.0623955, 
88.0467, 0.557669, -0.0680678, 
88.1483, 0.557669, -0.0680678, 
88.1837, 0.523172, -0.0737402, 
88.2217, 0.4642, -0.0850848, 
88.322, 0.49184, -0.0907571, 
88.3583, 0.415803, -0.0850848, 
88.4624, 0.357075, -0.0794125, 
88.5653, 0.340437, -0.0737402, 
88.6001, 0.324955, -0.0680678, 
88.6349, 0.272457, -0.0453786, 
88.7388, 0.250772, -0.0340339, 
89.0765, 0.263364, -0.748746, 
89.156, 0.349185, -0.78278, 
89.5605, 2, 0, 
89.9407, 2, 0, 
90.0219, 2, 0, 
90.0549, 2, 0, 
90.0954, 2, 0, 
90.1968, 2, 0, 
90.2319, 2, 0, 
90.2704, 2, 0, 
90.3694, 2, 0, 
90.4737, 2, 0, 
90.5087, 2, 0, 
90.8447, 2, 0, 
90.9254, 2, 0, 
90.9592, 2, 0, 
90.994, 2, 0, 
91.1009, 2, 0, 
91.2016, 2, 0, 
91.2357, 2, 0, 
91.2704, 2, 0, 
91.3047, 2, 0, 
91.4102, 2, 0, 
91.7483, 2, 0, 
91.8267, 2, 0, 
91.8619, 2, 0, 
91.8962, 2, 0, 
92.0001, 2, 0, 
92.0336, 2, 0, 
92.0683, 2, 0, 
92.104, 2, 0, 
92.1376, 2, 0, 
92.1788, 2, 0, 
92.2792, 2, 0, 
92.3134, 2, 0, 
92.3531, 2, 0, 
92.4562, 2, 0, 
92.5569, 2, 0, 
92.5906, 2, 0, 
92.6285, 2, 0, 
92.7298, 2, 0, 
92.7635, 2, 0, 
92.7991, 2, 0, 
92.8326, 2, 0, 
92.9369, 2, 0, 
92.9709, 2, 0, 
93.0055, 2, 0, 
93.1108, 2, 0, 
93.147, 2, 0, 
93.1809, 2, 0, 
93.2844, 2, 0, 
93.3202, 2, 0, 
93.3541, 2, 0, 
93.4574, 2, 0, 
93.4916, 2, 0, 
93.5256, 2, 0, 
93.5607, 2, 0, 
93.5949, 2, 0, 
93.632, 2, 0, 
93.667, 2, 0, 
93.704, 2, 0, 
93.8061, 2, 0, 
93.8395, 2, 0, 
93.8774, 2, 0, 
93.979, 2, 0, 
94.0137, 2, 0, 
94.1179, 2, 0, 
94.154, 2, 0, 
94.2565, 2, 0, 
94.2916, 2, 0, 
94.3268, 2, 0, 
94.4294, 2, 0, 
94.4654, 2, 0, 
94.5003, 2, 0, 
94.6038, 2, 0, 
94.6393, 2, 0, 
94.6848, 2, 0, 
94.7777, 2, 0, 
94.8157, 2, 0, 
94.9189, 2, 0, 
95.0191, 2, 0, 
95.0525, 2, 0, 
95.088, 2, 0, 
95.1236, 2, 0, 
95.1584, 2, 0, 
95.2713, 2, 0, 
95.3661, 2, 0, 
95.4055, 2, 0, 
95.5088, 2, 0, 
95.6105, 2, 0, 
95.7149, 2, 0, 
95.7493, 2, 0, 
95.7838, 2, 0, 
95.8881, 2, 0, 
95.9233, 2, 0, 
95.9575, 2, 0, 
96.0604, 2, 0, 
96.0982, 2, 0, 
96.2005, 2, 0, 
96.235, 2, 0, 
96.342, 2, 0, 
96.4419, 2, 0, 
96.4767, 2, 0, 
96.5114, 2, 0, 
96.6154, 2, 0, 
96.6504, 2, 0, 
96.6873, 2, 0, 
96.7887, 2, 0, 
96.8234, 2, 0, 
96.859, 2, 0, 
96.8948, 2, 0, 
96.9983, 2, 0, 
97.0339, 2, 0, 
97.0676, 2, 0, 
97.1714, 2, 0, 
97.2069, 2, 0, 
97.2428, 2, 0, 
97.3441, 2, 0, 
97.379, 2, 0, 
97.4145, 2, 0, 
97.4483, 2, 0, 
97.5196, 2, 0, 
97.6224, 2, 0, 
97.6582, 2, 0, 
97.6961, 2, 0, 
97.796, 2, 0, 
97.9005, 2, 0, 
97.9356, 2, 0, 
97.9687, 2, 0, 
98.0733, 2, 0, 
98.1096, 2, 0, 
98.1428, 2, 0, 
98.5474, 2, 0, 
98.93, 2, 0, 
99.011, 2, 0, 
99.0472, 1.85677, 0.731729, 
99.1519, 3.9259, 0.743074, 
99.2534, 2.46296, 0.748746, 
99.3576, 2.46296, 0.748746, 
99.3937, 1.8567, 0.743074, 
99.4963, 1.8567, 0.743074, 
99.5331, 1.85677, 0.731729, 
99.6372, 2.11078, 0.717548, 
99.7393, 2.46317, 0.714712, 
99.775, 3.9261, 0.70904, 
99.8103, 2.46345, 0.669334, 
99.9126, 2.46359, 0.646644, 
99.9481, 1.85741, 0.629628, 
99.9834, 1.85741, 0.629628, 
100.017, 2.11171, 0.57574, 
100.122, 1.85788, 0.56156, 
100.157, 1.85796, 0.550215, 
100.191, 1.85849, 0.482147, 
100.297, 2.46533, 0.419752, 
100.401, 2.46599, 0.351684, 
100.504, 2, 0, 
100.608, 2, 0, 
100.642, 2, 0, 
100.676, 6.1758, 0.235401, 
100.78, 2, 0, 
100.815, 1.51501, 0.192859, 
100.85, 1.86227, 0.164497, 
100.954, 1.86273, 0.141808, 
100.989, 1.2864, 0.141808, 
101.024, 2.46998, 0.102102, 
101.128, 2.4694, 0.124791, 
101.163, 1.12193, 0.102102, 
101.197, 2.46998, 0.102102, 
101.302, 1.86499, 0.0623955, 
101.336, 1.28824, 0.0737402, 
101.374, 1.12347, 0.0567232, 
101.475, 1.12347, 0.0567232, 
101.51, 1.12347, 0.0567232, 
101.55, 0.998286, 0.0397062, 
101.65, 0.999024, 0.0283616, 
101.753, 0.999024, 0.0283616, 
101.79, 0.899609, 0.0226893, 
101.891, 0.899609, 0.0226893, 
101.927, 0.818662, 0.017017, 
101.962, 0.751347, 0.0113446, 
102.065, 0.751347, 0.0113446, 
102.101, 0.751347, 0.0113446, 
102.138, 0.65142, 0, 
102.239, 0.65142, 0, 
102.275, 0.65142, 0, 
102.38, 0.561464, -0.0113446, 
102.482, 0.561464, -0.0113446, 
102.517, 0.496397, -0.0113446, 
102.556, 0.443296, -0.0113446, 
102.656, 0.377638, -0.0283616, 
102.759, 0.298191, -0.0340339, 
102.864, 0.23072, -0.0340339, 
102.969, 0.147547, -0.0510509, 
103.373, 0.251916, -0.743074, 
103.755, 2, 0, 
103.834, 2, 0, 
103.871, 2, 0, 
103.907, 2, 0, 
104.008, 2, 0, 
104.044, 2, 0, 
104.08, 2, 0, 
104.181, 2, 0, 
104.285, 2, 0, 
104.32, 2, 0, 
104.353, 2, 0, 
104.396, 2, 0, 
104.795, 3.92504, -0.901899, 
105.178, 2, 0, 
105.559, 0.738889, -0.850848, 
105.94, 0.157302, -0.130463, 
106.322, 0.252119, 0.70904, 
106.403, 0.288379, 0.760091, 
106.438, 0.349185, 0.78278, 
106.474, 0.386812, 0.794125, 
106.577, 0.408003, 0.799797, 
106.612, 0.408003, 0.799797, 
106.647, 0.431082, 0.805469, 
106.75, 0.431082, 0.805469, 
106.785, 0.431082, 0.805469, 
106.82, 0.431082, 0.805469, 
106.923, 0.408003, 0.799797, 
106.958, 0.456462, 0.788452, 
106.996, 0.456721, 0.743074, 
107.107, 0.456993, 0.697695, 
107.201, 0.484984, 0.669334, 
107.238, 0.516411, 0.572904, 
107.341, 0.48584, 0.544543, 
107.376, 0.517391, 0.448113, 
107.48, 0.551932, 0.419752, 
107.52, 0.518489, 0.334667, 
107.617, 0.518742, 0.311978, 
107.653, 0.488164, 0.294961, 
107.687, 0.519446, 0.255254, 
107.791, 0.488745, 0.249582, 
107.826, 0.55397, 0.238237, 
107.86, 0.520103, 0.209876, 
107.967, 0.520474, 0.187187, 
108.068, 0.520673, 0.175842, 
108.105, 0.519011, -0.289288, 
108.208, 0.518742, -0.311978, 
108.244, 0.487185, -0.385718, 
108.347, 0.458898, -0.436769, 
108.45, 0.458701, -0.459458, 
108.487, 0.409844, -0.516181, 
108.589, 0.420995, -0.536034, 
108.625, 0.409586, -0.550215, 
108.66, 0.388079, -0.589921, 
108.763, 0.35031, -0.601266, 
108.799, 0.325286, -0.632464, 
108.903, 0.288784, -0.692023, 
109.007, 0.275496, -0.754419, 
109.412, 0.809611, -0.448113, 
109.492, 0.633365, -0.499164, 
109.528, 0.58962, -0.516181, 
109.631, 0.633187, -0.521853, 
109.672, 0.610526, -0.541707, 
109.769, 0.633015, -0.544543, 
109.804, 0.633015, -0.544543, 
109.839, 0.632932, -0.555887, 
109.942, 0.632932, -0.555887, 
109.978, 0.682894, -0.550215, 
110.012, 0.682978, -0.53887, 
110.116, 0.683064, -0.527526, 
110.151, 0.683064, -0.527526, 
110.186, 0.633187, -0.521853, 
110.289, 0.633187, -0.521853, 
110.326, 0.68324, -0.504836, 
110.431, 0.683516, -0.470803, 
110.533, 0.683612, -0.459458, 
110.569, 0.683808, -0.436769, 
110.671, 0.68391, -0.425424, 
110.707, 0.741815, -0.419752, 
110.742, 0.810239, -0.380045, 
110.845, 0.742247, -0.374373, 
110.88, 0.742479, -0.351684, 
110.915, 0.742849, -0.31765, 
111.018, 0.742979, -0.306305, 
111.054, 0.743114, -0.294961, 
111.089, 0.811371, -0.277944, 
111.192, 0.811516, -0.266599, 
111.228, 0.811821, -0.24391, 
111.332, 0.812149, -0.22122, 
111.435, 0.744187, -0.215548, 
111.47, 0.812323, -0.209876, 
111.506, 0.812694, -0.187187, 
111.609, 0.812893, -0.175842, 
111.645, 0.813323, -0.153153, 
111.749, 0.895187, -0.136136, 
111.852, 0.813806, -0.130463, 
111.887, 0.813806, -0.130463, 
111.922, 0.814072, -0.119119, 
112.027, 0.814072, -0.119119, 
112.131, 0.814072, -0.119119, 
112.239, 0.814671, -0.0964294, 
112.337, 0.815013, -0.0850848, 
112.374, 0.816314, -0.0510509, 
112.476, 0.816902, -0.0397062, 
112.511, 0.750053, -0.0226893, 
112.551, 0.818662, 0.017017, 
112.65, 0.749199, 0.0340339, 
112.685, 0.816314, 0.0510509, 
112.72, 0.747149, 0.0794125, 
112.823, 0.814671, 0.0964294, 
112.859, 0.745888, 0.124791, 
112.965, 0.744948, 0.17017, 
113.067, 0.812694, 0.187187, 
113.102, 0.74455, 0.192859, 
113.139, 0.743852, 0.238237, 
113.239, 0.811821, 0.24391, 
113.275, 0.743542, 0.260927, 
113.31, 0.743252, 0.283616, 
113.413, 0.743252, 0.283616, 
113.449, 0.743114, 0.294961, 
113.485, 0.742979, 0.306305, 
113.586, 0.742979, 0.306305, 
113.622, 0.742722, 0.328995, 
113.657, 1.11794, 0.351684, 
113.761, 0.742026, 0.397062, 
113.796, 0.741815, 0.419752, 
113.831, 0.683516, 0.470803, 
113.933, 0.74123, 0.48782, 
113.969, 0.68324, 0.504836, 
114.004, 0.740706, 0.555887, 
114.108, 0.682729, 0.572904, 
114.144, 0.632532, 0.612611, 
114.247, 0.682338, 0.629628, 
114.282, 0.682189, 0.652317, 
114.384, 0.632232, 0.657989, 
114.421, 0.682045, 0.675006, 
114.455, 0.681835, 0.70904, 
114.558, 0.681766, 0.720385, 
114.592, 0.681699, 0.731729, 
114.626, 0.739519, 0.737402, 
114.668, 0.681632, 0.743074, 
114.769, 0.739387, 0.760091, 
114.872, 0.739387, 0.760091, 
114.98, 0.739519, 0.737402, 
115.08, 0.739586, 0.726057, 
115.116, 0.739792, 0.692023, 
115.218, 0.739934, 0.669334, 
115.252, 0.74008, 0.646644, 
115.287, 0.682569, 0.595594, 
115.392, 0.740542, 0.578577, 
115.426, 0.682811, 0.56156, 
115.46, 0.683152, 0.516181, 
115.566, 0.741417, 0.46513, 
115.669, 0.741612, 0.442441, 
115.703, 0.810352, 0.368701, 
115.807, 0.810587, 0.346012, 
115.843, 0.810962, 0.311978, 
115.877, 0.812149, 0.22122, 
115.982, 0.812694, 0.187187, 
116.018, 0.813323, 0.153153, 
116.12, 0.813323, 0.153153, 
116.157, 0.74539, 0.14748, 
116.258, 0.745163, 0.158825, 
116.293, 0.745163, 0.158825, 
116.329, 0.744948, 0.17017, 
116.432, 0.744948, 0.17017, 
116.467, 0.744948, 0.17017, 
116.503, 0.744744, 0.181514, 
116.606, 0.74455, 0.192859, 
116.643, 0.777078, 0.195695, 
116.747, 0.744187, 0.215548, 
116.848, 0.744187, 0.215548, 
116.883, 0.686247, 0.22122, 
116.921, 0.68608, 0.232565, 
117.022, 0.743852, 0.238237, 
117.057, 0.743852, 0.238237, 
117.093, 0.743542, 0.260927, 
117.196, 0.743542, 0.260927, 
117.231, 0.685614, 0.266599, 
117.266, 0.743252, 0.283616, 
117.369, 0.685329, 0.289288, 
117.405, 0.743114, 0.294961, 
117.442, 0.742979, 0.306305, 
117.543, 0.742979, 0.306305, 
117.578, 0.742979, 0.306305, 
117.614, 0.712905, 0.309141, 
117.716, 0.742599, 0.340339, 
117.821, 0.684685, 0.346012, 
117.857, 0.742479, 0.351684, 
117.959, 0.742479, 0.351684, 
117.994, 0.742479, 0.351684, 
118.03, 0.810352, 0.368701, 
118.133, 0.742361, 0.363028, 
118.168, 0.742361, 0.363028, 
118.203, 0.742361, 0.363028, 
118.307, 0.742479, 0.351684, 
118.411, 0.712408, 0.35452, 
118.449, 0.742247, 0.374373, 
118.55, 0.742135, 0.385718, 
118.586, 0.741815, 0.419752, 
118.688, 0.741815, 0.419752, 
118.723, 0.741815, 0.419752, 
118.758, 0.741712, 0.431096, 
118.867, 0.683808, 0.436769, 
118.966, 0.741612, 0.442441, 
119, 0.741612, 0.442441, 
119.035, 0.683612, 0.459458, 
119.139, 0.741417, 0.46513, 
119.174, 0.683516, 0.470803, 
119.209, 0.683423, 0.482147, 
119.312, 0.741323, 0.476475, 
119.348, 0.711258, 0.479311, 
119.384, 0.741323, 0.476475, 
119.486, 0.683423, 0.482147, 
119.522, 0.741323, 0.476475, 
119.627, 0.741417, 0.46513, 
119.729, 0.741514, 0.453786, 
119.764, 0.741514, 0.453786, 
119.8, 0.741612, 0.442441, 
119.906, 0.741815, 0.419752, 
120.007, 0.741815, 0.419752, 
120.042, 0.741815, 0.419752, 
120.078, 0.742026, 0.397062, 
120.18, 0.742135, 0.385718, 
120.217, 0.810352, 0.368701, 
120.32, 0.810468, 0.357356, 
120.354, 0.742479, 0.351684, 
120.388, 0.742479, 0.351684, 
120.493, 0.810587, 0.346012, 
120.529, 0.810587, 0.346012, 
120.633, 0.742722, 0.328995, 
120.735, 0.775329, 0.326158, 
120.77, 0.810834, 0.323322, 
120.806, 0.811095, 0.300633, 
120.91, 0.849942, 0.297797, 
120.945, 0.811516, 0.266599, 
121.052, 0.811821, 0.24391, 
121.153, 0.811982, 0.232565, 
121.187, 0.776633, 0.224057, 
121.223, 0.812323, 0.209876, 
121.33, 0.812505, 0.198531, 
121.43, 0.812694, 0.187187, 
121.466, 0.812893, 0.175842, 
121.569, 0.894504, 0.17017, 
121.605, 0.812893, 0.175842, 
121.707, 0.894719, 0.158825, 
121.811, 0.85208, 0.155989, 
121.847, 0.813323, 0.153153, 
121.881, 0.813323, 0.153153, 
121.984, 0.813323, 0.153153, 
122.02, 0.894946, 0.14748, 
122.054, 0.895187, 0.136136, 
122.159, 0.895187, 0.136136, 
122.194, 0.895187, 0.136136, 
122.228, 0.895444, 0.124791, 
122.332, 0.895444, 0.124791, 
122.368, 0.895444, 0.124791, 
122.471, 0.895444, 0.124791, 
122.508, 0.895444, 0.124791, 
122.61, 0.813806, 0.130463, 
122.646, 0.942493, 0.1333, 
122.751, 0.895187, 0.136136, 
122.855, 0.895187, 0.136136, 
122.957, 0.895187, 0.136136, 
123.062, 0.895187, 0.136136, 
123.166, 0.895187, 0.136136, 
123.201, 0.895187, 0.136136, 
123.304, 0.895187, 0.136136, 
123.408, 0.895187, 0.136136, 
123.444, 0.895187, 0.136136, 
123.549, 0.895187, 0.136136, 
123.652, 0.814072, 0.119119, 
123.756, 0.853249, 0.104938, 
123.863, 0.814671, 0.0964294, 
123.964, 0.896345, 0.0907571, 
124.069, 0.747149, 0.0794125, 
124.171, 0.77982, 0.0765763, 
124.206, 0.747149, 0.0794125, 
124.241, 0.815392, 0.0737402, 
124.31, 0.81582, 0.0623955, 
124.415, 0.81582, 0.0623955, 
124.451, 0.816902, 0.0397062, 
124.552, 0.748545, 0.0453786, 
124.588, 0.749199, 0.0340339, 
124.623, 0.749199, 0.0340339, 
124.727, 0.750053, 0.0226893, 
124.763, 0.691739, 0.0283616, 
124.868, 0.749199, 0.0340339, 
124.969, 0.749199, 0.0340339, 
125.004, 0.742979, -0.306305, 
125.043, 0.691001, 0.0397062, 
125.144, 0.684807, -0.334667, 
125.247, 0.640771, 0.0453786, 
125.283, 0.658877, -0.343175, 
125.323, 0.658877, -0.343175, 
125.423, 0.591154, -0.346012, 
125.526, 0.552717, -0.340339, 
125.63, 0.518489, -0.334667, 
125.733, 0.502729, -0.331831, 
125.768, 0.459896, -0.334667, 
125.803, 0.434672, -0.328995, 
125.907, 0.411499, -0.334667, 
125.943, 0.352906, -0.306305, 
126.046, 0.292106, -0.294961, 
126.15, 0.279399, -0.277944, 
126.188, 0.206943, -0.260927, 
126.591, 0.167005, 0.380045, 
126.971, 2, 0, 
127.051, 2, 0, 
127.086, 2, 0, 
127.125, 2, 0, 
127.225, 2, 0, 
127.26, 2, 0, 
127.295, 2, 0, 
127.398, 2, 0, 
127.433, 2, 0, 
127.467, 2, 0, 
127.873, 2, 0, 
128.254, 2, 0, 
128.335, 2, 0, 
128.369, 1.86186, 0.187187, 
128.404, 1.86186, 0.187187, 
128.441, 2.46806, 0.192859, 
128.545, 2.4677, 0.215548, 
128.579, 1.86115, 0.232565, 
128.685, 3.93051, 0.22122, 
128.787, 3.92974, 0.277944, 
128.822, 2.46676, 0.283616, 
128.858, 2, 0, 
128.96, 3.92946, 0.300633, 
128.995, 2.46649, 0.306305, 
129.03, 2, 0, 
129.133, 3.92895, 0.346012, 
129.169, 2.46599, 0.351684, 
129.204, 3.92849, 0.39139, 
129.307, 2.46554, 0.397062, 
129.342, 1.28297, 0.39139, 
129.377, 2.46522, 0.431096, 
129.48, 2.46512, 0.442441, 
129.517, 1.85878, 0.448113, 
129.551, 3.92769, 0.482147, 
129.654, 2.46474, 0.48782, 
129.689, 1.8584, 0.493492, 
129.727, 1.11669, 0.48782, 
129.827, 1.28199, 0.504836, 
129.931, 0.990526, 0.504836, 
129.967, 0.990526, 0.504836, 
130.001, 2.46439, 0.533198, 
130.105, 1.11643, 0.521853, 
130.143, 2.46422, 0.555887, 
130.245, 2.46422, 0.555887, 
130.282, 1.04938, 0.536034, 
130.386, 1.85831, 0.504836, 
130.487, 1.11634, 0.533198, 
130.523, 0.99035, 0.527526, 
130.558, 1.85813, 0.527526, 
130.663, 0.990616, 0.493492, 
130.766, 0.990802, 0.470803, 
130.869, 0.990897, 0.459458, 
130.905, 0.990995, 0.448113, 
130.943, 1.11738, 0.408407, 
131.042, 1.11749, 0.397062, 
131.077, 0.991623, 0.380045, 
131.113, 0.991852, 0.357356, 
131.216, 1.04866, 0.638136, 
131.253, 1.11819, 0.328995, 
131.356, 1.11601, 0.578577, 
131.39, 1.11872, 0.283616, 
131.493, 0.892951, 0.272271, 
131.53, 1.11698, 0.453786, 
131.632, 0.89392, 0.204204, 
131.668, 0.994078, 0.187187, 
131.703, 0.895187, 0.136136, 
131.806, 0.996055, 0.0964294, 
131.91, 0.896345, 0.0907571, 
131.947, 0.897107, 0.0680678, 
132.05, 0.897107, 0.0680678, 
132.084, 0.897107, 0.0680678, 
132.119, 0.897107, 0.0680678, 
132.222, 0.815392, 0.0737402, 
132.257, 0.815392, 0.0737402, 
132.292, 0.747149, 0.0794125, 
132.396, 0.747149, 0.0794125, 
132.431, 0.747149, 0.0794125, 
132.467, 0.68949, 0.0737402, 
132.57, 0.68949, 0.0737402, 
132.606, 0.640235, 0.0567232, 
132.71, 0.597469, 0.0397062, 
132.812, 0.559317, 0.0340339, 
132.849, 0.559317, 0.0340339, 
132.954, 0.525421, 0.0283616, 
133.056, 0.495103, 0.0226893, 
133.091, 0.441148, 0.0340339, 
133.195, 0.441148, 0.0340339, 
133.23, 0.358472, 0.0453786, 
133.333, 0.341359, 0.0510509, 
133.368, 0.325413, 0.0567232, 
133.404, 0.259053, 0.0964294, 
133.507, 0.237309, 0.119119, 
133.545, 0.19209, 0.158825, 
133.649, 0.155819, 0.209876, 
134.051, 0.431082, 0.805469, 
134.433, 2, 0, 
134.814, 2, 0, 
134.894, 2, 0, 
134.927, 2, 0, 
134.962, 2, 0, 
134.997, 2, 0, 
135.031, 2, 0, 
135.071, 2, 0, 
135.174, 2, 0, 
135.276, 2, 0, 
135.311, 2, 0, 
135.347, 2, 0, 
135.449, 2, 0, 
135.485, 2, 0, 
135.519, 2, 0, 
135.623, 2, 0, 
135.659, 2, 0, 
135.693, 2, 0, 
135.799, 2, 0, 
135.902, 2, 0, 
135.935, 2, 0, 
135.973, 2, 0, 
136.076, 2, 0, 
136.181, 2, 0, 
136.584, 0.349445, -0.737402, 
136.965, 0.267902, 0.0255254, 
137.046, 0.271463, 0.0680678, 
137.382, 0.386812, 0.794125, 
137.764, 2, 0, 
138.144, 2, 0, 
138.527, 2, 0, 
138.608, 2, 0, 
138.643, 2.46217, 0.896227, 
138.678, 2, 0, 
138.781, 2, 0, 
138.818, 2, 0, 
138.92, 2, 0, 
138.955, 2, 0, 
139.059, 2, 0, 
139.396, 2, 0, 
139.474, 2, 0, 
139.508, 2, 0, 
139.548, 2, 0, 
139.649, 3.92631, 0.675006, 
139.686, 1.85697, 0.697695, 
139.791, 1.8569, 0.70904, 
139.891, 1.8569, 0.70904, 
139.927, 1.8569, 0.70904, 
139.976, 2.46323, 0.703368, 
140.066, 1.85697, 0.697695, 
140.1, 1.85697, 0.697695, 
140.136, 2.46258, 0.816814, 
140.239, 1.85712, 0.675006, 
140.275, 2.46345, 0.669334, 
140.309, 1.85733, 0.640972, 
140.412, 1.85741, 0.629628, 
140.449, 2.46317, 0.714712, 
140.553, 2.46337, 0.680678, 
140.655, 2.11179, 0.564396, 
140.691, 2.46359, 0.646644, 
140.727, 2.46389, 0.601266, 
140.83, 3.92716, 0.550215, 
140.933, 2.46439, 0.533198, 
140.97, 3.92778, 0.470803, 
141.072, 2, 0, 
141.107, 2, 0, 
141.142, 3.9286, 0.380045, 
141.245, 2, 0, 
141.28, 3.92895, 0.346012, 
141.316, 2.46649, 0.306305, 
141.419, 2.46663, 0.294961, 
141.454, 2, 0, 
141.488, 2, 0, 
141.592, 3.93126, 0.175842, 
141.627, 1.86206, 0.175842, 
141.663, 2.46753, 0.226893, 
141.765, 2.46753, 0.226893, 
141.802, 2.46753, 0.226893, 
141.839, 2.4677, 0.215548, 
141.94, 2.46806, 0.192859, 
142.044, 2.46806, 0.192859, 
142.079, 1.86186, 0.187187, 
142.113, 2.46846, 0.17017, 
142.217, 2, 0, 
142.252, 2.4689, 0.14748, 
142.286, 1.86273, 0.141808, 
142.39, 2.46914, 0.136136, 
142.427, 1.86297, 0.130463, 
142.53, 1.86297, 0.130463, 
142.566, 1.86297, 0.130463, 
142.67, 1.86297, 0.130463, 
142.772, 1.86297, 0.130463, 
142.807, 1.51609, 0.136136, 
142.844, 1.86273, 0.141808, 
142.947, 1.51585, 0.14748, 
143.051, 1.51585, 0.14748, 
143.155, 1.86297, 0.130463, 
143.261, 1.51634, 0.124791, 
143.363, 1.51634, 0.124791, 
143.398, 1.28692, 0.119119, 
143.434, 0.896345, 0.0907571, 
143.537, 0.896345, 0.0907571, 
143.64, 0.996055, 0.0964294, 
143.677, 1.28752, 0.0964294, 
143.779, 1.28752, 0.0964294, 
143.814, 1.12193, 0.102102, 
143.849, 1.28752, 0.0964294, 
143.953, 1.28752, 0.0964294, 
143.99, 1.12193, 0.102102, 
144.091, 1.12225, 0.0907571, 
144.127, 1.12261, 0.0794125, 
144.164, 0.997698, 0.0510509, 
144.265, 0.998286, 0.0397062, 
144.301, 0.900903, 0.0113446, 
144.407, 0.899609, -0.0226893, 
144.507, 0.898755, -0.0340339, 
144.549, 0.815392, -0.0737402, 
144.647, 0.815013, -0.0850848, 
144.684, 0.745888, -0.124791, 
144.786, 0.813557, -0.141808, 
144.823, 0.744744, -0.181514, 
144.927, 0.68608, -0.232565, 
145.028, 0.685764, -0.255254, 
145.064, 0.635621, -0.272271, 
145.098, 0.591276, -0.334667, 
145.203, 0.634587, -0.363028, 
145.237, 0.590806, -0.380045, 
145.273, 0.551535, -0.46513, 
145.378, 0.48584, -0.544543, 
145.479, 0.485204, -0.6353, 
145.583, 0.485056, -0.657989, 
145.619, 0.484913, -0.680678, 
145.654, 0.484636, -0.726057, 
145.756, 0.456721, -0.743074, 
145.793, 0.456526, -0.777108, 
145.898, 0.484121, -0.816814, 
146, 0.567784, -0.830995, 
146.037, 0.888386, -0.862193, 
146.141, 1.50917, -0.884882, 
146.243, 2.46217, -0.896227, 
146.278, 2, 0, 
146.38, 2, 0, 
146.415, 2, 0, 
146.449, 2, 0, 
146.485, 2, 0, 
146.523, 2, 0, 
146.625, 2, 0, 
146.659, 2, 0, 
146.697, 2, 0, 
146.798, 2, 0, 
146.833, 2, 0, 
146.869, 2, 0, 
146.971, 2, 0, 
147.006, 2, 0, 
147.042, 2, 0, 
147.145, 2, 0, 
147.18, 2, 0, 
147.216, 2, 0, 
147.318, 2, 0, 
147.354, 2, 0, 
147.389, 2, 0, 
147.492, 2, 0, 
147.527, 2, 0, 
147.562, 2, 0, 
147.665, 2, 0, 
147.769, 2, 0, 
147.806, 2, 0, 
147.907, 2, 0, 
147.943, 2, 0, 
147.98, 2, 0, 
148.083, 2, 0, 
148.117, 2, 0, 
148.153, 2, 0, 
148.255, 2, 0, 
148.291, 2, 0, 
148.327, 2, 0, 
148.428, 2, 0, 
148.463, 2, 0, 
148.497, 2, 0, 
148.539, 2, 0, 
148.636, 2, 0, 
148.671, 2, 0, 
148.707, 2, 0, 
148.745, 2, 0, 
148.845, 2, 0, 
148.88, 2, 0, 
148.922, 2, 0, 
149.019, 2, 0, 
149.054, 2, 0, 
149.089, 2, 0, 
149.192, 2, 0, 
149.529, 2, 0, 
149.609, 2, 0, 
149.643, 2, 0, 
149.68, 2, 0, 
149.782, 2, 0, 
149.818, 2, 0, 
149.855, 2, 0, 
149.955, 2, 0, 
150.06, 2, 0, 
150.096, 2, 0, 
150.198, 2, 0, 
150.233, 2, 0, 
150.268, 2, 0, 
150.372, 2, 0, 
150.407, 2, 0, 
150.443, 2, 0, 
150.546, 2, 0, 
150.582, 2, 0, 
150.688, 2, 0, 
151.089, 1.50917, 0.884882, 
151.171, 1.11435, 0.850848, 
151.206, 1.27987, 0.833831, 
151.241, 1.1146, 0.805469, 
151.346, 1.38452, 0.796961, 
151.448, 1.50965, 0.794125, 
151.484, 1.28012, 0.788452, 
151.519, 1.11492, 0.748746, 
151.622, 1.11526, 0.692023, 
151.726, 0.98933, 0.675006, 
151.762, 0.889862, 0.612611, 
151.865, 0.890018, 0.589921, 
151.901, 0.809053, 0.516181, 
152.006, 0.774212, 0.439605, 
152.107, 1.1176, 0.385718, 
152.145, 1.28394, 0.300633, 
152.246, 1.28422, 0.277944, 
152.281, 1.28451, 0.255254, 
152.316, 1.28554, 0.187187, 
152.419, 1.28595, 0.164497, 
152.455, 1.12085, 0.14748, 
152.489, 1.28752, 0.0964294, 
152.593, 1.12225, 0.0907571, 
152.628, 1.28824, 0.0737402, 
152.663, 1.12466, 0.0340339, 
152.767, 1.00005, 0.017017, 
152.802, 1.12681, 0.0113446, 
152.837, 1.12681, -0.0113446, 
152.94, 1.12681, -0.0113446, 
152.976, 1.12681, -0.0113446, 
153.014, 1.12681, -0.0113446, 
153.116, 1.12681, -0.0113446, 
153.218, 1.12681, -0.0113446, 
153.255, 1.13466, 0, 
153.357, 1.12681, 0.0113446, 
153.392, 1.12681, 0.0113446, 
153.427, 1.12552, 0.0226893, 
153.531, 1.29049, 0.0283616, 
153.567, 0.997698, 0.0510509, 
153.672, 1.12347, 0.0567232, 
153.774, 1.86456, 0.0737402, 
153.808, 1.12347, 0.0567232, 
153.846, 1.12302, 0.0680678, 
153.948, 1.51725, 0.0907571, 
154.051, 1.51692, 0.102102, 
154.387, 0.631175, 0.839503, 
154.468, 1.19085, 0.876373, 
154.505, 2, 0, 
154.606, 2, 0, 
154.641, 2, 0, 
154.676, 2, 0, 
154.779, 2, 0, 
154.815, 2, 0, 
154.849, 2, 0, 
154.953, 3.92504, 0.901899, 
154.989, 6.17055, 0.899063, 
155.025, 2, 0, 
155.126, 2, 0, 
155.163, 2, 0, 
155.2, 2, 0, 
155.3, 2, 0, 
155.404, 2, 0, 
155.44, 2, 0, 
155.543, 2, 0, 
155.578, 2, 0, 
155.614, 2, 0, 
155.716, 3.9259, 0.743074, 
155.756, 2, 0, 
155.857, 2, 0, 
155.96, 2, 0, 
155.994, 2, 0, 
156.032, 6.17151, 0.723221, 
156.135, 6.17154, 0.717548, 
156.237, 3.92603, 0.720385, 
156.274, 6.17151, 0.723221, 
156.379, 6.17161, 0.706204, 
156.481, 2, 0, 
156.517, 2, 0, 
156.621, 2, 0, 
156.724, 2, 0, 
156.758, 3.92653, 0.640972, 
156.864, 2, 0, 
156.967, 2, 0, 
157.001, 2.99599, 0.626791, 
157.105, 2, 0, 
157.139, 2, 0, 
157.177, 6.17165, -0.700532, 
157.282, 2, 0, 
157.382, 3.92668, 0.618283, 
157.415, 2, 0, 
157.45, 2, 0, 
157.485, 6.17215, 0.621119, 
157.82, 0.324682, 0.728893, 
158.204, 0.749199, -0.0340339, 
158.285, 0.8943, 0.181514, 
158.32, 0.747149, -0.0794125, 
158.354, 0.688769, -0.0964294, 
158.459, 0.688458, -0.107774, 
158.494, 0.688458, -0.107774, 
158.54, 0.716052, -0.116283, 
158.632, 0.688171, -0.119119, 
158.667, 0.745888, -0.124791, 
158.703, 0.687904, -0.130463, 
158.809, 0.687655, -0.141808, 
158.911, 0.637616, -0.14748, 
159.014, 0.615047, -0.150316, 
159.049, 0.574239, -0.144644, 
159.083, 0.462744, -0.141808, 
159.187, 0.688458, -0.107774, 
159.223, 0.556581, -0.102102, 
159.326, 0.556581, -0.102102, 
159.363, 0.744016, 0.226893, 
159.468, 0.744187, 0.215548, 
159.569, 0.686421, 0.209876, 
159.604, 0.744364, 0.204204, 
159.639, 0.744744, 0.181514, 
159.745, 0.687201, 0.164497, 
159.847, 0.687201, 0.164497, 
159.882, 0.687421, 0.153153, 
159.919, 0.687655, 0.141808, 
160.02, 0.688171, 0.119119, 
160.124, 0.46458, 0.0737402, 
160.16, 0.557267, 0.0794125, 
160.263, 0.595959, 0.0737402, 
160.298, 0.639777, 0.0680678, 
160.333, 0.689918, 0.0623955, 
160.436, 0.690412, 0.0510509, 
160.472, 0.640771, 0.0453786, 
160.507, 0.641425, 0.0340339, 
160.61, 0.641425, 0.0340339, 
160.645, 0.641425, 0.0340339, 
160.68, 0.598208, 0.0283616, 
160.783, 0.598208, 0.0283616, 
160.82, 0.640771, 0.0453786, 
160.925, 0.640771, 0.0453786, 
161.027, 0.596881, 0.0510509, 
161.065, 0.557669, 0.0680678, 
161.166, 0.557267, 0.0794125, 
161.202, 0.556581, 0.102102, 
161.305, 0.521337, 0.141808, 
161.409, 0.521337, 0.141808, 
161.445, 0.520882, 0.164497, 
161.548, 0.520882, 0.164497, 
161.584, 0.489794, 0.181514, 
161.689, 0.4896, 0.192859, 
161.79, 0.484913, -0.680678, 
161.825, 0.484773, -0.703368, 
161.86, 0.456655, -0.754419, 
161.964, 0.431082, -0.805469, 
162.368, 0.333361, -0.618283, 
162.449, 0.349718, -0.692023, 
162.486, 0.408259, -0.754419, 
162.588, 0.408194, -0.765763, 
162.623, 0.431208, -0.78278, 
162.658, 0.431082, -0.805469, 
162.761, 0.484121, -0.816814, 
162.797, 0.484121, -0.816814, 
162.832, 0.587595, -0.833831, 
162.935, 0.631175, -0.839503, 
162.971, 0.587595, -0.833831, 
163.075, 0.549127, -0.828159, 
163.11, 0.456337, -0.811142, 
163.214, 0.316726, -0.771436, 
163.318, 0.302093, -0.765763, 
163.351, 0.408129, -0.777108, 
163.456, 0.431336, -0.760091, 
163.491, 0.387069, -0.748746, 
163.526, 0.387479, -0.680678, 
163.632, 0.36839, -0.606938, 
163.733, 0.368628, -0.572904, 
163.768, 0.368877, -0.53887, 
163.803, 0.360209, -0.467966, 
163.906, 0.369608, -0.448113, 
163.942, 0.360604, -0.422588, 
163.977, 0.352405, -0.351684, 
164.08, 0.361633, -0.320486, 
164.116, 0.371228, -0.289288, 
164.151, 0.391981, -0.204204, 
164.254, 0.392361, -0.181514, 
164.289, 0.37332, -0.153153, 
164.324, 0.394406, -0.0907571, 
164.427, 0.394766, -0.0794125, 
164.462, 0.395168, -0.0680678, 
164.498, 0.418431, -0.0283616, 
164.601, 0.409836, -0.00850848, 
164.636, 0.421296, 0.00567232, 
164.671, 0.417693, 0.0397062, 
164.774, 0.417104, 0.0510509, 
164.809, 0.416611, 0.0623955, 
164.845, 0.427017, 0.087921, 
164.948, 0.437838, 0.124791, 
165.052, 0.414348, 0.141808, 
165.089, 0.436897, 0.17017, 
165.191, 0.413485, 0.187187, 
165.226, 0.424739, 0.190023, 
165.262, 0.41294, 0.22122, 
165.365, 0.412773, 0.232565, 
165.4, 0.435802, 0.238237, 
165.436, 0.412307, 0.266599, 
165.539, 0.435063, 0.294961, 
165.642, 0.411885, 0.300633, 
165.681, 0.434672, 0.328995, 
165.782, 0.434311, 0.363028, 
165.885, 0.434196, 0.374373, 
165.924, 0.433868, 0.408407, 
166.027, 0.433561, 0.442441, 
166.127, 0.433561, 0.442441, 
166.163, 0.433463, 0.453786, 
166.197, 0.433272, 0.476475, 
166.302, 0.433179, 0.48782, 
166.337, 0.433088, 0.499164, 
166.371, 0.432998, 0.510509, 
166.476, 0.458241, 0.516181, 
166.51, 0.486011, 0.521853, 
166.551, 0.458067, 0.53887, 
166.649, 0.4579, 0.56156, 
166.752, 0.485673, 0.567232, 
166.856, 0.485673, 0.567232, 
166.892, 0.4579, 0.56156, 
166.927, 0.457983, 0.550215, 
167.03, 0.47157, 0.547379, 
167.067, 0.458067, 0.53887, 
167.169, 0.48584, 0.544543, 
167.205, 0.458067, 0.53887, 
167.24, 0.486011, 0.521853, 
167.343, 0.458329, 0.504836, 
167.378, 0.486189, 0.499164, 
167.413, 0.486467, 0.46513, 
167.516, 0.486564, 0.453786, 
167.554, 0.486865, 0.419752, 
167.658, 0.487185, 0.385718, 
167.759, 0.487185, 0.385718, 
167.794, 0.487185, 0.385718, 
167.829, 0.487411, 0.363028, 
167.934, 0.487411, 0.363028, 
168.037, 0.459655, 0.357356, 
168.072, 0.487529, 0.351684, 
168.107, 0.487649, 0.340339, 
168.21, 0.487649, 0.340339, 
168.314, 0.487649, 0.340339, 
168.35, 0.487649, 0.340339, 
168.385, 0.487649, 0.340339, 
168.487, 0.487649, 0.340339, 
168.525, 0.487649, 0.340339, 
168.627, 0.487649, 0.340339, 
168.665, 0.487649, 0.340339, 
168.767, 0.487529, 0.351684, 
168.87, 0.487411, 0.363028, 
168.905, 0.487411, 0.363028, 
168.944, 0.552365, 0.374373, 
169.044, 0.518019, 0.380045, 
169.079, 0.518019, 0.380045, 
169.115, 0.518019, 0.380045, 
169.216, 0.518132, 0.368701, 
169.251, 0.518132, 0.368701, 
169.287, 0.487411, 0.363028, 
169.39, 0.518248, 0.357356, 
169.427, 0.518248, 0.357356, 
169.53, 0.518248, 0.357356, 
169.633, 0.518248, 0.357356, 
169.672, 0.518367, 0.346012, 
169.772, 0.552717, 0.340339, 
169.809, 0.518742, 0.311978, 
169.912, 0.553097, 0.306305, 
170.016, 0.553231, 0.294961, 
170.12, 0.518875, 0.300633, 
170.155, 0.55337, 0.283616, 
170.258, 0.519151, 0.277944, 
170.294, 0.55366, 0.260927, 
170.397, 0.519446, 0.255254, 
170.433, 0.488745, 0.249582, 
170.538, 0.519762, 0.232565, 
170.639, 0.519762, 0.232565, 
170.676, 0.504096, 0.224057, 
170.782, 0.520103, 0.209876, 
170.884, 0.489414, 0.204204, 
170.919, 0.46151, 0.209876, 
171.024, 0.461692, 0.198531, 
171.126, 0.461692, 0.198531, 
171.16, 0.436499, 0.192859, 
171.199, 0.436136, 0.215548, 
171.3, 0.424285, 0.218384, 
171.335, 0.435644, 0.249582, 
171.437, 0.435491, 0.260927, 
171.473, 0.412162, 0.277944, 
171.507, 0.411624, 0.323322, 
171.615, 0.400457, 0.35452, 
171.717, 0.410919, 0.39139, 
171.82, 0.389536, 0.408407, 
171.856, 0.399546, 0.450949, 
171.962, 0.410115, 0.482147, 
172.063, 0.388756, 0.499164, 
172.098, 0.409933, 0.504836, 
172.133, 0.432824, 0.533198, 
172.238, 0.409503, 0.56156, 
172.34, 0.432573, 0.567232, 
172.375, 0.432491, 0.578577, 
172.41, 0.432333, 0.601266, 
172.513, 0.485356, 0.612611, 
172.617, 0.485356, 0.612611, 
172.653, 0.485356, 0.612611, 
172.756, 0.516173, 0.606938, 
172.792, 0.485434, 0.601266, 
172.827, 0.485592, 0.578577, 
172.93, 0.516411, 0.572904, 
172.965, 0.516493, 0.56156, 
173, 0.516746, 0.527526, 
173.103, 0.516833, 0.516181, 
173.139, 0.516922, 0.504836, 
173.174, 0.590081, 0.459458, 
173.277, 0.634145, 0.408407, 
173.381, 0.552144, 0.397062, 
173.417, 0.591154, 0.346012, 
173.52, 0.591401, 0.323322, 
173.557, 0.591798, 0.289288, 
173.659, 0.591938, 0.277944, 
173.694, 0.635621, 0.272271, 
173.728, 0.636242, 0.226893, 
173.832, 0.686247, 0.22122, 
173.867, 0.63659, 0.204204, 
173.902, 0.63697, 0.181514, 
174.008, 0.637389, 0.158825, 
174.111, 0.637389, 0.158825, 
174.147, 0.687421, 0.153153, 
174.183, 0.662131, 0.127627, 
174.287, 0.688458, 0.107774, 
174.389, 0.688769, 0.0964294, 
174.491, 0.688769, 0.0964294, 
174.527, 0.689111, 0.0850848, 
174.563, 0.747149, 0.0794125, 
174.667, 0.68949, 0.0737402, 
174.702, 0.748009, 0.0567232, 
174.805, 0.749199, 0.0340339, 
174.908, 0.749199, 0.0340339, 
174.943, 0.749199, 0.0340339, 
174.979, 0.749199, 0.0340339, 
175.082, 0.749199, 0.0340339, 
175.118, 0.749199, 0.0340339, 
175.222, 0.749199, 0.0340339, 
175.325, 0.749199, 0.0340339, 
175.36, 0.749199, 0.0340339, 
175.398, 0.749199, 0.0340339, 
175.499, 0.817641, 0.0283616, 
175.534, 0.818662, 0.017017, 
175.639, 0.751347, 0.0113446, 
175.742, 0.751347, 0.0113446, 
175.778, 0.820506, 0.00567232, 
175.881, 0.820506, 0.00567232, 
175.917, 0.820506, 0.00567232, 
176.018, 0.759194, 0, 
176.055, 0.820506, 0.00567232, 
176.159, 0.751347, 0.0113446, 
176.261, 0.751347, 0.0113446, 
176.296, 0.820506, 0.00567232, 
176.331, 0.820506, -0.00567232, 
176.437, 0.820506, 0.00567232, 
176.549, 0.559317, 0.0340339, 
176.643, 0.751347, 0.0113446, 
176.679, 0.751347, 0.0113446, 
176.714, 0.559317, 0.0340339, 
176.816, 0.559317, 0.0340339, 
176.854, 0.597469, 0.0397062, 
176.958, 0.559317, 0.0340339, 
177.06, 0.559317, 0.0340339, 
177.095, 0.559317, 0.0340339, 
177.131, 0.559317, 0.0340339, 
177.233, 0.597469, 0.0397062, 
177.268, 0.597469, 0.0397062, 
177.303, 0.597469, 0.0397062, 
177.406, 0.559317, 0.0340339, 
177.442, 0.559317, 0.0340339, 
177.477, 0.525421, 0.0283616, 
177.58, 0.495103, 0.0226893, 
177.615, 0.495103, 0.0226893, 
177.65, 0.495103, 0.0226893, 
177.753, 0.495103, 0.0226893, 
177.79, 0.466828, 0.0283616, 
178.197, 0.457279, -0.652317, 
178.274, 0.408527, -0.70904, 
178.309, 0.739258, -0.78278, 
178.343, 0.681501, -0.765763, 
178.448, 0.631679, -0.748746, 
178.552, 0.631679, -0.748746, 
178.588, 0.588235, -0.720385, 
178.691, 0.588303, -0.70904, 
178.727, 0.588514, -0.675006, 
178.831, 0.550347, -0.623955, 
178.933, 0.550424, -0.612611, 
178.97, 0.550823, -0.555887, 
179.072, 0.51666, -0.53887, 
179.108, 0.486011, -0.521853, 
179.143, 0.458701, -0.459458, 
179.246, 0.458898, -0.436769, 
179.282, 0.411259, -0.357356, 
179.387, 0.390869, -0.283616, 
179.489, 0.371663, -0.255254, 
179.524, 0.353779, -0.238237, 
179.56, 0.322567, -0.158825, 
179.662, 0.323035, -0.136136, 
179.698, 0.272457, -0.0453786, 
179.803, 0.222853, 0.017017, 
179.906, 0.203239, 0.0510509, 
179.941, 0.16421, 0.113446, 
180.346, 0.386812, 0.794125, 
180.726, 2, 0, 
181.108, 2, 0, 
181.489, 2, 0, 
181.57, 2, 0, 
181.607, 2.46217, 0.896227, 
181.71, 2, 0, 
181.747, 3.92895, 0.346012, 
181.85, 2, 0, 
181.886, 2, 0, 
181.99, 2, 0, 
182.092, 3.92828, 0.414079, 
182.128, 3.92807, 0.436769, 
182.232, 3.92807, 0.436769, 
182.27, 3.92788, 0.459458, 
182.37, 2.46493, 0.46513, 
182.405, 2.46474, 0.48782, 
182.508, 2.46493, 0.46513, 
182.549, 2.46456, 0.510509, 
182.647, 1.28181, 0.527526, 
182.751, 1.11634, 0.533198, 
182.789, 1.85813, 0.527526, 
182.891, 3.927, 0.572904, 
182.929, 1.51116, 0.555887, 
183.034, 2.46422, 0.555887, 
183.135, 2.46422, 0.555887, 
183.24, 2, 0, 
183.342, 2, 0, 
183.377, 2, 0, 
183.43, 2, 0, 
183.514, 2, 0, 
183.556, 2, 0, 
183.655, 2, 0, 
183.756, 2, 0, 
183.795, 2, 0, 
183.897, 2, 0, 
183.932, 2, 0, 
183.969, 2, 0, 
184.069, 2, 0, 
184.105, 2, 0, 
184.142, 2, 0, 
184.242, 2, 0, 
184.278, 2, 0, 
184.313, 2, 0, 
184.347, 2, 0, 
184.451, 2, 0, 
184.484, 2, 0, 
184.523, 2, 0, 
184.625, 2, 0, 
184.66, 2, 0, 
184.695, 3.92504, 0.901899, 
184.798, 2, 0, 
184.834, 2, 0, 
184.868, 2, 0, 
184.975, 2, 0, 
185.076, 2, 0, 
185.111, 2, 0, 
185.147, 2, 0, 
185.249, 2, 0, 
185.284, 2, 0, 
185.32, 2, 0, 
185.423, 2, 0, 
185.458, 2, 0, 
185.493, 2, 0, 
185.596, 2, 0, 
185.631, 2, 0, 
185.667, 2, 0, 
185.77, 2, 0, 
185.805, 2, 0, 
185.84, 2, 0, 
185.943, 2, 0, 
185.979, 2, 0, 
186.017, 2, 0, 
186.117, 2, 0, 
186.22, 2, 0, 
186.256, 2, 0, 
186.291, 2, 0, 
186.395, 2, 0, 
186.43, 2, 0, 
186.465, 2, 0, 
186.57, 2, 0, 
186.675, 2, 0, 
186.778, 2, 0, 
186.812, 2, 0, 
186.845, 2, 0, 
186.949, 2, 0, 
187.053, 2, 0, 
187.388, 2, 0, 
187.47, 2, 0, 
187.505, 2, 0, 
187.54, 2, 0, 
187.947, 2.4643, 0.544543, 
188.026, 2.11162, 0.587085, 
188.062, 1.38683, 0.456622, 
188.166, 1.51197, 0.453786, 
188.202, 1.51197, 0.453786, 
188.303, 1.51197, 0.453786, 
188.339, 1.6653, 0.450949, 
188.374, 1.51207, 0.442441, 
188.477, 1.51207, 0.442441, 
188.513, 1.51227, 0.419752, 
188.618, 1.51254, 0.39139, 
188.72, 1.51259, 0.385718, 
188.755, 1.38756, 0.377209, 
188.79, 1.51282, 0.363028, 
188.895, 1.28355, 0.334667, 
188.998, 1.51318, 0.328995, 
189.034, 1.38842, 0.297797, 
189.137, 1.38856, 0.286452, 
189.172, 1.3887, 0.275108, 
189.209, 1.38916, 0.241074, 
189.309, 1.51431, 0.238237, 
189.345, 1.38932, 0.229729, 
189.38, 1.51447, 0.226893, 
189.415, 1.38958, 0.212712, 
189.521, 1.51482, 0.204204, 
189.624, 1.39004, 0.18435, 
189.727, 1.5152, 0.181514, 
189.762, 1.39024, 0.173006, 
189.799, 1.51562, 0.158825, 
189.9, 1.51585, 0.14748, 
190.004, 1.39079, 0.144644, 
190.04, 1.51634, 0.124791, 
190.143, 1.51634, 0.124791, 
190.179, 1.51662, 0.113446, 
190.283, 1.51692, 0.102102, 
190.318, 1.51725, 0.0907571, 
190.42, 1.51725, 0.0907571, 
190.461, 1.5176, 0.0794125, 
190.561, 1.51801, 0.0680678, 
190.664, 1.51801, 0.0680678, 
190.701, 1.51801, 0.0680678, 
190.805, 1.86499, 0.0623955, 
190.907, 1.86499, 0.0623955, 
190.941, 1.51801, 0.0680678, 
190.976, 1.51846, 0.0567232, 
191.08, 1.86548, 0.0510509, 
191.116, 1.86548, 0.0510509, 
191.15, 1.86499, 0.0623955, 
191.254, 1.86548, 0.0510509, 
191.29, 1.86548, 0.0510509, 
191.393, 1.86548, 0.0510509, 
191.43, 1.51846, 0.0567232, 
191.531, 1.86548, 0.0510509, 
191.568, 1.51846, 0.0567232, 
191.67, 1.86548, 0.0510509, 
191.706, 1.86083, 0.255254, 
191.741, 2.47152, 0.0567232, 
191.843, 1.86068, 0.266599, 
191.879, 1.86068, 0.266599, 
191.914, 1.86068, 0.266599, 
192.017, 1.86068, 0.266599, 
192.052, 1.86068, 0.266599, 
192.087, 1.86068, 0.266599, 
192.19, 1.86548, 0.0510509, 
192.226, 1.86068, 0.266599, 
192.263, 1.86068, 0.266599, 
192.364, 1.86083, 0.255254, 
192.468, 1.86083, 0.255254, 
192.505, 2.1148, 0.252418, 
192.544, 1.86083, 0.255254, 
192.642, 1.86083, 0.255254, 
192.678, 1.86099, 0.24391, 
192.78, 1.86099, 0.24391, 
192.816, 1.86099, 0.24391, 
192.852, 2.46736, 0.238237, 
192.954, 2.11496, 0.241074, 
192.99, 2.46736, 0.238237, 
193.096, 1.86115, 0.232565, 
193.196, 1.86115, 0.232565, 
193.232, 1.86115, 0.232565, 
193.267, 2.46753, 0.226893, 
193.37, 1.86132, 0.22122, 
193.406, 1.86132, 0.22122, 
193.442, 2.46788, 0.204204, 
193.545, 1.52051, -0.0226893, 
193.649, 1.52051, -0.0226893, 
193.752, 1.52051, -0.0226893, 
193.789, 1.28975, -0.0397062, 
193.891, 1.28975, -0.0397062, 
193.927, 1.28975, -0.0397062, 
193.962, 1.52051, -0.0226893, 
194.064, 1.52051, -0.0226893, 
194.099, 1.52051, -0.0226893, 
194.135, 0.994486, 0.164497, 
194.238, 1.12063, 0.158825, 
194.274, 0.99519, 0.130463, 
194.378, 0.895721, 0.113446, 
194.48, 0.896019, 0.102102, 
194.516, 0.896705, 0.0794125, 
194.619, 0.815392, 0.0737402, 
194.671, 0.56017, 0.0226893, 
194.758, 0.56017, 0.0226893, 
194.794, 0.599229, 0.017017, 
194.828, 0.694604, 0.00567232, 
194.932, 0.694604, 0.00567232, 
194.968, 0.642279, -0.0226893, 
195.076, 0.640771, -0.0453786, 
195.176, 0.595959, -0.0737402, 
195.281, 0.492199, -0.0794125, 
195.384, 0.415803, -0.0850848, 
195.487, 0.394406, -0.0907571, 
195.522, 0.35639, -0.102102, 
195.626, 0.339404, -0.107774, 
195.663, 0.46208, -0.175842, 
195.765, 0.461882, -0.187187, 
195.801, 0.436314, -0.204204, 
195.905, 0.412612, -0.24391, 
196.007, 0.391311, -0.249582, 
196.043, 0.353468, -0.260927, 
196.081, 0.320518, -0.294961, 
196.183, 0.305652, -0.311978, 
196.219, 0.278496, -0.357356, 
196.322, 0.243492, -0.408407, 
196.425, 0.243387, -0.419752, 
196.76, 0.38824, -0.567232, 
197.141, 2, 0, 
197.524, 2, 0, 
197.905, 0.99018, 0.550215, 
198.287, 0.694604, -0.00567232, 
198.371, 0.557267, -0.0794125, 
198.471, 0.595959, -0.0737402, 
198.506, 0.558127, -0.0567232, 
198.544, 0.50985, -0.0255254, 
198.646, 0.496397, -0.0113446, 
198.683, 0.442002, 0.0226893, 
198.788, 0.395626, 0.0567232, 
198.889, 0.395168, 0.0680678, 
198.925, 0.323292, 0.124791, 
199.028, 0.257077, 0.187187, 
199.132, 0.24576, 0.215548, 
199.469, 2, 0, 
199.549, 2, 0, 
199.654, 2, 0, 
199.756, 2, 0, 
199.792, 2, 0, 
199.827, 2, 0, 
199.929, 2, 0, 
200.034, 2, 0, 
200.069, 2, 0, 
200.103, 2, 0, 
200.208, 2, 0, 
200.244, 2, 0, 
200.346, 2, 0, 
200.381, 2, 0, 
200.419, 2, 0, 
200.821, 2, 0, 
200.901, 2, 0, 
200.936, 2, 0, 
200.97, 2, 0, 
201.074, 2, 0, 
201.116, 2, 0, 
201.216, 2, 0, 
201.319, 2, 0, 
201.424, 2, 0, 
201.528, 2, 0, 
201.63, 2, 0, 
201.664, 2, 0, 
201.768, 2, 0, 
201.805, 2, 0, 
201.909, 2, 0, 
202.011, 2, 0, 
202.054, 2, 0, 
202.151, 2, 0, 
202.185, 2, 0, 
202.221, 2, 0, 
202.323, 2, 0, 
202.357, 2, 0, 
202.393, 2, 0, 
202.429, 2, 0, 
202.539, 2, 0, 
202.637, 2, 0, 
202.671, 2, 0, 
202.705, 2, 0, 
202.809, 2, 0, 
202.845, 2, 0, 
202.879, 2, 0, 
202.984, 2, 0, 
203.018, 2, 0, 
203.071, 2, 0, 
203.156, 2, 0, 
203.191, 2, 0, 
203.227, 2, 0, 
203.33, 2, 0, 
203.365, 2, 0, 
203.4, 2, 0, 
203.503, 6.18004, -0.053887, 
203.541, 2, 0, 
203.945, 1.51084, -0.601266, 
204.024, 1.11617, -0.555887, 
204.061, 0.890517, -0.521853, 
204.163, 0.809053, -0.516181, 
204.198, 0.809142, -0.504836, 
204.233, 0.809418, -0.470803, 
204.336, 0.809514, -0.459458, 
204.376, 0.741712, -0.431096, 
204.48, 0.742135, -0.385718, 
204.581, 0.684566, -0.357356, 
204.685, 0.684807, -0.334667, 
204.788, 0.635075, -0.31765, 
204.829, 0.591798, -0.289288, 
204.928, 0.55366, -0.260927, 
205.032, 0.519762, -0.232565, 
205.136, 0.436136, -0.215548, 
205.243, 0.392361, -0.181514, 
205.347, 0.338602, -0.141808, 
205.449, 0.295782, -0.0907571, 
205.553, 0.230067, -0.0453786, 
205.958, 0.145757, 0.589921, 
206.041, 0.251916, 0.743074, 
206.142, 0.386812, 0.794125, 
206.245, 0.456337, 0.811142, 
206.282, 0.738889, 0.850848, 
206.384, 1.04731, 0.870701, 
206.421, 3.92507, 0.896227, 
206.826, 2, 0, 
206.904, 2, 0, 
206.939, 2, 0, 
206.974, 2, 0, 
207.08, 2, 0, 
207.184, 2, 0, 
207.287, 2, 0, 
207.391, 2, 0, 
207.426, 2, 0, 
207.459, 2, 0, 
207.563, 6.17212, 0.626791, 
207.599, 2, 0, 
207.634, 6.17212, 0.626791, 
207.673, 2, 0, 
207.772, 2, 0, 
207.807, 2, 0, 
207.844, 2, 0, 
207.946, 2, 0, 
207.98, 2, 0, 
208.015, 2, 0, 
208.118, 2, 0, 
208.153, 2, 0, 
208.188, 2, 0, 
208.223, 2, 0, 
208.261, 2, 0, 
208.363, 2, 0, 
208.466, 2, 0, 
208.501, 2, 0, 
208.537, 2, 0, 
208.64, 2, 0, 
208.675, 2, 0, 
208.709, 2, 0, 
208.815, 2, 0, 
208.852, 2, 0, 
208.951, 2, 0, 
209.056, 2, 0, 
209.09, 2, 0, 
209.126, 2, 0, 
209.229, 2, 0, 
209.266, 2, 0, 
209.368, 2, 0, 
209.404, 2, 0, 
209.444, 2, 0, 
209.542, 2, 0, 
209.579, 2, 0, 
209.614, 2, 0, 
209.715, 2, 0, 
209.754, 2, 0, 
209.857, 2, 0, 
209.959, 2, 0, 
209.996, 2, 0, 
210.096, 2, 0, 
210.133, 2, 0, 
210.171, 2, 0, 
210.271, 2, 0, 
210.375, 2, 0, 
210.412, 2, 0, 
210.514, 2, 0, 
210.618, 2, 0, 
210.656, 2, 0, 
210.756, 2, 0, 
210.792, 2, 0, 
210.827, 2, 0, 
210.93, 2, 0, 
210.966, 2, 0, 
211.001, 2, 0, 
211.103, 2, 0, 
211.139, 2, 0, 
211.474, 2, 0, 
211.855, 1.51217, -0.431096, 
211.938, 1.28355, -0.334667, 
212.041, 1.11819, -0.328995, 
212.145, 1.11819, -0.328995, 
212.182, 1.11831, -0.31765, 
212.284, 1.11831, -0.31765, 
212.321, 0.992346, -0.311978, 
212.424, 0.992478, -0.300633, 
212.526, 0.992614, -0.289288, 
212.564, 0.892808, -0.283616, 
212.666, 0.892951, -0.272271, 
212.701, 0.892951, -0.272271, 
212.737, 0.811516, -0.266599, 
212.839, 0.743542, -0.260927, 
212.875, 0.743542, -0.260927, 
212.98, 0.743542, -0.260927, 
213.084, 0.685919, -0.24391, 
213.486, 0.683516, 0.470803, 
213.568, 0.632932, 0.555887, 
213.603, 0.550501, 0.601266, 
213.638, 0.550347, 0.623955, 
213.742, 0.515945, 0.640972, 
213.777, 0.515871, 0.652317, 
213.812, 0.485204, 0.6353, 
213.915, 0.457352, 0.640972, 
213.95, 0.432103, 0.6353, 
213.986, 0.387771, 0.6353, 
214.088, 0.368162, 0.640972, 
214.193, 0.368162, 0.640972, 
214.23, 0.317633, 0.623955, 
214.331, 0.303006, 0.618283, 
214.367, 0.303083, 0.606938, 
214.403, 0.264295, 0.601266, 
214.505, 0.252775, 0.606938, 
214.545, 0.231402, 0.640972, 
214.646, 0.221528, 0.657989, 
214.748, 0.221528, 0.657989, 
215.084, 2, 0, 
215.464, 2, 0, 
215.546, 2, 0, 
215.585, 2, 0, 
215.684, 2, 0, 
215.72, 2, 0, 
215.756, 2, 0, 
215.858, 2, 0, 
215.894, 2, 0, 
215.929, 2, 0, 
216.031, 2, 0, 
216.068, 2, 0, 
216.171, 2, 0, 
216.209, 2, 0, 
216.308, 2, 0, 
216.346, 2, 0, 
216.449, 2, 0, 
216.483, 2, 0, 
216.521, 2, 0, 
216.922, 2, 0, 
217.304, 2, 0, 
217.384, 2, 0, 
217.42, 2, 0, 
217.456, 2, 0, 
217.558, 2, 0, 
217.596, 2, 0, 
217.697, 2, 0, 
217.733, 2, 0, 
217.77, 2, 0, 
217.872, 2, 0, 
217.906, 2, 0, 
217.941, 2, 0, 
218.044, 2.99642, -0.564396, 
218.081, 2, 0, 
218.188, 2, 0, 
218.291, 2, 0, 
218.393, 2, 0, 
218.496, 2, 0, 
218.532, 2, 0, 
218.635, 6.17247, -0.57574, 
218.67, 2, 0, 
218.708, 3.92691, -0.584249, 
218.808, 2, 0, 
218.845, 2, 0, 
218.951, 2, 0, 
219.05, 2, 0, 
219.083, 2, 0, 
219.121, 2, 0, 
219.224, 2, 0, 
219.259, 2, 0, 
219.295, 2, 0, 
219.399, 2, 0, 
219.433, 2, 0, 
219.469, 2, 0, 
219.571, 2, 0, 
219.676, 2, 0, 
219.719, 2, 0, 
219.816, 2, 0, 
219.849, 2, 0, 
219.885, 2, 0, 
219.988, 2, 0, 
220.023, 2, 0, 
220.058, 2, 0, 
220.161, 2, 0, 
220.198, 2, 0, 
220.301, 2, 0, 
220.335, 2, 0, 
220.44, 2, 0, 
220.475, 2, 0, 
220.513, 2, 0, 
220.613, 2, 0, 
220.648, 2, 0, 
220.683, 2, 0, 
221.086, 2, 0, 
221.168, 2, 0, 
221.203, 2, 0, 
221.237, 2, 0, 
221.341, 2, 0, 
221.377, 2, 0, 
221.712, 2, 0, 
221.794, 2, 0, 
221.898, 2, 0, 
221.932, 2, 0, 
221.97, 2, 0, 
222.07, 2, 0, 
222.106, 2, 0, 
222.142, 2, 0, 
222.244, 2, 0, 
222.278, 2, 0, 
222.313, 2, 0, 
222.416, 2, 0, 
222.449, 2, 0, 
222.486, 3.92545, 0.822486, 
222.522, 2, 0, 
222.559, 2, 0, 
222.66, 2, 0, 
222.694, 2, 0, 
222.732, 2, 0, 
222.834, 2, 0, 
222.937, 2, 0, 
222.973, 2, 0, 
223.007, 2, 0, 
223.111, 2, 0, 
223.153, 2, 0, 
223.25, 2, 0, 
223.285, 2, 0, 
223.321, 2, 0, 
223.424, 2, 0, 
223.46, 2, 0, 
223.867, 2, 0, 
223.944, 2.11135, 0.626791, 
223.979, 2.11143, 0.615447, 
224.015, 1.85748, 0.618283, 
224.118, 2.11143, 0.615447, 
224.158, 2.46374, 0.623955, 
224.257, 2.46374, 0.623955, 
224.292, 2.46374, 0.623955, 
224.329, 2.46374, 0.623955, 
224.43, 2.11143, 0.615447, 
224.466, 1.8567, 0.743074, 
224.504, 2.11151, 0.604102, 
224.603, 2.46389, 0.601266, 
224.639, 2.46317, 0.714712, 
224.674, 2.11171, 0.57574, 
224.777, 2.11175, 0.570068, 
224.812, 1.85788, 0.56156, 
224.847, 1.85796, 0.550215, 
224.951, 2.11191, 0.547379, 
224.987, 1.85822, 0.516181, 
225.089, 1.85849, 0.482147, 
225.194, 1.85859, 0.470803, 
225.23, 1.85868, 0.459458, 
225.265, 2.46533, 0.419752, 
225.367, 2.46554, 0.397062, 
225.401, 2.46565, 0.385718, 
225.437, 1.85988, 0.334667, 
225.543, 2.46676, 0.283616, 
225.648, 2.46736, 0.238237, 
225.748, 2.4677, 0.215548, 
225.785, 2.46846, 0.17017, 
225.889, 2.46867, 0.158825, 
225.929, 2.4694, 0.124791, 
226.026, 2.46968, 0.113446, 
226.063, 1.86384, 0.0964294, 
226.166, 2.4703, 0.0907571, 
226.2, 2.4703, 0.0907571, 
226.236, 1.86456, 0.0737402, 
226.339, 2, 0, 
226.373, 2.47152, 0.0567232, 
226.409, 2, 0, 
226.512, 2, 0, 
226.616, 2, 0, 
226.657, 2, 0, 
226.756, 3.93601, 0.0283616, 
226.79, 3.93601, 0.0283616, 
226.825, 2.47271, -0.0340339, 
226.928, 2.47206, -0.0453786, 
226.964, 1.86548, -0.0510509, 
226.999, 1.86499, -0.0623955, 
227.102, 1.51801, -0.0680678, 
227.138, 1.5176, -0.0794125, 
227.177, 1.51725, -0.0907571, 
227.277, 1.39158, -0.11061, 
227.38, 1.3913, -0.121955, 
227.417, 1.39104, -0.1333, 
227.52, 1.39079, -0.144644, 
227.624, 1.28617, -0.153153, 
227.728, 1.51562, -0.158825, 
227.836, 1.39035, -0.167333, 
227.936, 1.28584, -0.17017, 
227.972, 1.28564, -0.181514, 
228.077, 1.28554, -0.187187, 
228.179, 1.19669, -0.190023, 
228.218, 1.28535, -0.198531, 
228.32, 1.19641, -0.20704, 
228.421, 1.11965, -0.215548, 
228.457, 1.28483, -0.232565, 
228.56, 1.11932, -0.238237, 
228.596, 1.28467, -0.24391, 
228.699, 1.11916, -0.249582, 
228.803, 1.0521, -0.258091, 
228.839, 0.99305, -0.255254, 
228.942, 1.86115, -0.232565, 
228.977, 0.99305, -0.255254, 
229.012, 1.11932, -0.238237, 
229.115, 0.993205, -0.24391, 
229.151, 0.993205, -0.24391, 
229.189, 0.940612, -0.241074, 
229.288, 0.811821, -0.24391, 
229.392, 0.811821, -0.24391, 
229.427, 0.743852, -0.238237, 
229.461, 0.743852, -0.238237, 
229.566, 0.743852, -0.238237, 
229.604, 0.660283, -0.229729, 
229.705, 0.660283, -0.229729, 
229.741, 0.636242, -0.226893, 
229.776, 0.613773, -0.224057, 
229.878, 0.572933, -0.218384, 
229.915, 0.520103, -0.209876, 
230.021, 0.436136, -0.215548, 
230.121, 0.424372, -0.212712, 
230.157, 0.424372, -0.212712, 
230.192, 0.345417, -0.224057, 
230.298, 0.286329, -0.235401, 
230.4, 0.256203, -0.24391, 
230.435, 0.229996, -0.252418, 
230.77, 0.587595, -0.833831, 
231.151, 2, 0, 
231.231, 2, 0, 
231.266, 2, 0, 
231.315, 2, 0, 
231.405, 2, 0, 
231.438, 2, 0, 
231.474, 2, 0, 
231.509, 2, 0, 
231.55, 2, 0, 
231.649, 2, 0, 
231.683, 2, 0, 
231.787, 2, 0, 
232.191, 2, 0, 
232.573, 2, 0, 
232.956, 2, 0, 
233.337, 0.244967, -0.272271, 
233.719, 0.333136, 0.652317, 
233.8, 0.349718, 0.692023, 
233.835, 0.387004, 0.760091, 
233.939, 0.386939, 0.771436, 
233.976, 0.431082, 0.805469, 
234.078, 0.484121, 0.816814, 
234.114, 0.531519, 0.825323, 
234.219, 0.587595, 0.833831, 
234.322, 0.587595, 0.833831, 
234.356, 0.631175, 0.839503, 
234.394, 0.514868, 0.822486, 
234.496, 0.515055, 0.788452, 
234.599, 0.549376, 0.78278, 
234.634, 0.515119, 0.777108, 
234.67, 0.549771, 0.714712, 
234.772, 0.54991, 0.692023, 
234.807, 0.550052, 0.669334, 
234.842, 0.569272, 0.587085, 
234.948, 0.569861, 0.507673, 
235.049, 0.589892, 0.482147, 
235.084, 0.63374, 0.453786, 
235.12, 0.634587, 0.363028, 
235.223, 0.591276, 0.334667, 
235.259, 0.635206, 0.306305, 
235.294, 0.636413, 0.215548, 
235.396, 0.686792, 0.187187, 
235.433, 0.638391, 0.113446, 
235.547, 0.639777, 0.0680678, 
235.641, 0.691739, 0.0283616, 
235.745, 0.751347, -0.0113446, 
235.849, 0.751347, -0.0113446, 
235.889, 0.691001, -0.0397062, 
235.988, 0.690412, -0.0510509, 
236.023, 0.747551, -0.0680678, 
236.127, 0.689111, -0.0850848, 
236.229, 0.716501, -0.0992656, 
236.266, 0.716196, -0.11061, 
236.37, 0.745888, -0.124791, 
236.473, 0.745888, -0.124791, 
236.508, 0.74539, -0.14748, 
236.611, 0.74539, -0.14748, 
236.715, 0.74539, -0.14748, 
236.752, 0.744948, -0.17017, 
236.854, 0.744948, -0.17017, 
236.889, 0.744948, -0.17017, 
236.925, 0.74539, -0.14748, 
237.028, 0.74539, -0.14748, 
237.064, 0.715914, -0.121955, 
237.169, 0.688458, -0.107774, 
237.271, 0.688458, -0.107774, 
237.306, 0.688458, -0.107774, 
237.342, 0.689111, -0.0850848, 
237.444, 0.690412, -0.0510509, 
237.549, 0.65142, 0, 
237.653, 0.69276, 0.017017, 
237.688, 0.639777, 0.0680678, 
237.791, 0.615671, 0.121955, 
237.895, 0.637857, 0.136136, 
237.932, 0.63659, 0.204204, 
238.033, 0.636413, 0.215548, 
238.069, 0.592388, 0.24391, 
238.104, 0.591529, 0.311978, 
238.207, 0.591401, 0.323322, 
238.245, 0.634361, 0.385718, 
238.351, 0.63374, 0.453786, 
238.451, 0.589985, 0.470803, 
238.486, 0.5898, 0.493492, 
238.523, 0.589533, 0.527526, 
238.624, 0.550992, 0.533198, 
238.66, 0.569516, 0.553051, 
238.763, 0.58928, 0.56156, 
238.798, 0.550424, 0.612611, 
238.902, 0.588807, 0.629628, 
238.938, 0.54998, 0.680678, 
239.04, 0.515516, 0.70904, 
239.076, 0.49964, 0.723221, 
239.112, 0.531769, 0.779944, 
239.214, 0.531674, 0.796961, 
239.249, 0.54925, 0.805469, 
239.286, 0.587595, 0.833831, 
239.387, 0.631175, 0.839503, 
239.423, 0.681065, 0.845176, 
239.458, 0.806908, 0.85652, 
239.56, 0.806908, 0.85652, 
239.597, 0.806908, 0.85652, 
239.703, 0.738889, 0.850848, 
239.807, 0.549188, 0.816814, 
239.908, 0.631745, 0.737402, 
240.013, 0.60942, 0.706204, 
240.049, 0.609888, 0.632464, 
240.15, 0.58896, 0.606938, 
240.186, 0.589198, 0.572904, 
240.221, 0.589892, 0.482147, 
240.324, 0.63374, 0.453786, 
240.36, 0.633938, 0.431096, 
240.395, 0.591276, 0.334667, 
240.498, 0.63534, 0.294961, 
240.534, 0.63697, 0.181514, 
240.638, 0.638391, 0.113446, 
240.741, 0.688769, 0.0964294, 
240.775, 0.68949, 0.0737402, 
240.811, 0.691001, 0.0397062, 
240.915, 0.72091, 0.0141808, 
241.019, 0.694604, 0.00567232, 
241.057, 0.691739, -0.0283616, 
241.157, 0.691001, -0.0397062, 
241.193, 0.690412, -0.0510509, 
241.228, 0.717204, -0.0765763, 
241.33, 0.689111, -0.0850848, 
241.367, 0.747149, -0.0794125, 
241.471, 0.689918, -0.0623955, 
241.573, 0.690412, -0.0510509, 
241.609, 0.690412, -0.0510509, 
241.645, 0.69276, -0.017017, 
241.747, 0.694604, -0.00567232, 
241.785, 0.691739, 0.0283616, 
241.887, 0.691001, 0.0397062, 
241.923, 0.68949, 0.0737402, 
242.026, 0.662545, 0.11061, 
242.13, 0.688171, 0.119119, 
242.166, 0.637389, 0.158825, 
242.268, 0.686991, 0.175842, 
242.304, 0.686421, 0.209876, 
242.409, 0.685919, 0.24391, 
242.511, 0.635921, 0.249582, 
242.553, 0.685469, 0.277944, 
242.649, 0.63534, 0.294961, 
242.688, 0.742722, 0.328995, 
242.788, 0.634825, 0.340339, 
242.825, 0.634587, 0.363028, 
242.929, 0.684227, 0.39139, 
243.032, 0.684119, 0.402735, 
243.068, 0.68391, 0.425424, 
243.17, 0.741612, 0.442441, 
243.274, 0.683709, 0.448113, 
243.31, 0.683709, 0.448113, 
243.345, 0.741417, 0.46513, 
243.448, 0.741417, 0.46513, 
243.485, 0.683423, 0.482147, 
243.586, 0.74123, 0.48782, 
243.622, 0.683331, 0.493492, 
243.657, 0.683331, 0.493492, 
243.76, 0.74123, 0.48782, 
243.797, 0.74123, 0.48782, 
243.903, 0.74123, 0.48782, 
244.003, 0.74123, 0.48782, 
244.038, 0.74123, 0.48782, 
244.074, 0.809514, 0.459458, 
244.176, 0.809514, 0.459458, 
244.213, 0.741612, 0.442441, 
244.316, 0.891268, 0.431096, 
244.419, 0.809915, 0.414079, 
244.454, 0.891475, 0.408407, 
244.489, 0.810352, 0.368701, 
244.593, 0.891917, 0.363028, 
244.63, 0.892405, 0.31765, 
244.731, 0.892535, 0.306305, 
244.768, 0.992614, 0.289288, 
244.805, 0.993205, 0.24391, 
244.905, 0.811982, 0.232565, 
244.94, 0.893572, 0.226893, 
244.981, 0.851557, 0.18435, 
245.078, 0.8943, 0.181514, 
245.114, 0.894504, 0.17017, 
245.149, 0.894946, 0.14748, 
245.253, 0.895721, 0.113446, 
245.358, 0.995743, 0.107774, 
245.399, 0.897107, 0.0680678, 
245.496, 0.897565, 0.0567232, 
245.533, 0.898101, 0.0453786, 
245.635, 0.998286, 0.0397062, 
245.67, 0.899609, 0.0226893, 
245.773, 0.899609, 0.0226893, 
245.812, 0.900903, 0.0113446, 
245.912, 0.900903, 0.0113446, 
245.947, 0.900903, 0.0113446, 
245.983, 0.90875, 0, 
246.085, 1.00189, 0.00567232, 
246.121, 1.00189, 0.00567232, 
246.16, 1.00189, -0.00567232, 
246.258, 1.00189, -0.00567232, 
246.294, 1.00189, -0.00567232, 
246.33, 1.00189, -0.00567232, 
246.433, 0.90875, 0, 
246.47, 0.90875, 0, 
246.575, 0.90875, 0, 
246.676, 0.90875, 0, 
246.712, 0.90875, 0, 
246.815, 0.90875, 0, 
246.917, 0.90875, 0, 
246.953, 0.90875, 0, 
246.987, 1.00189, 0.00567232, 
247.093, 0.90875, 0, 
247.128, 0.90875, 0, 
247.23, 1.00189, 0.00567232, 
247.269, 0.90875, 0, 
247.371, 1.00189, 0.00567232, 
247.473, 1.00189, 0.00567232, 
247.509, 1.00005, 0.017017, 
247.547, 1.00189, 0.00567232, 
247.647, 1.00005, 0.017017, 
247.751, 1.00005, 0.017017, 
247.787, 0.899609, 0.0226893, 
247.891, 0.899609, 0.0226893, 
247.926, 0.999024, 0.0283616, 
248.031, 0.998286, 0.0397062, 
248.132, 0.998286, 0.0397062, 
248.168, 0.998286, 0.0397062, 
248.207, 0.898101, 0.0453786, 
248.307, 0.998286, 0.0397062, 
248.341, 0.898101, 0.0453786, 
248.381, 0.997698, 0.0510509, 
248.481, 0.997204, 0.0623955, 
248.583, 0.997204, 0.0623955, 
248.687, 0.997204, 0.0623955, 
248.724, 0.897107, 0.0680678, 
248.758, 0.997204, 0.0623955, 
248.861, 0.897107, 0.0680678, 
248.898, 0.897107, 0.0680678, 
249, 0.897107, 0.0680678, 
249.036, 0.996776, 0.0737402, 
249.072, 0.996397, 0.0850848, 
249.173, 0.996397, 0.0850848, 
249.212, 0.996397, 0.0850848, 
249.318, 0.896345, 0.0907571, 
249.418, 0.996055, 0.0964294, 
249.521, 0.996055, 0.0964294, 
249.625, 0.996055, 0.0964294, 
249.662, 0.996055, 0.0964294, 
249.764, 0.996055, 0.0964294, 
249.801, 0.996055, 0.0964294, 
249.905, 0.996397, 0.0850848, 
250.008, 0.996397, 0.0850848, 
250.05, 0.895721, 0.113446, 
250.146, 0.895721, 0.113446, 
250.182, 0.99519, 0.130463, 
250.286, 0.994941, 0.141808, 
250.388, 0.894946, 0.14748, 
250.423, 0.894719, 0.158825, 
250.527, 0.994486, 0.164497, 
250.563, 0.894504, 0.17017, 
250.597, 0.89392, 0.204204, 
250.7, 0.812149, 0.22122, 
250.747, 2.46663, 0.294961, 
250.841, 0.892951, 0.272271, 
250.877, 1.51305, 0.340339, 
250.983, 0.810468, 0.357356, 
251.083, 1.85988, 0.334667, 
251.119, 0.809812, 0.425424, 
251.222, 0.891168, 0.442441, 
251.257, 0.809324, 0.482147, 
251.362, 0.740961, 0.521853, 
251.465, 0.740706, 0.555887, 
251.568, 0.740623, 0.567232, 
251.605, 0.740383, 0.601266, 
251.707, 0.740306, 0.612611, 
251.745, 0.740154, 0.6353, 
251.848, 0.709947, 0.660825, 
251.95, 0.682117, 0.663661, 
251.987, 0.739862, 0.680678, 
252.089, 0.739862, 0.680678, 
252.125, 0.740006, 0.657989, 
252.231, 0.740154, 0.6353, 
252.334, 0.740229, 0.623955, 
252.437, 0.740306, 0.612611, 
252.471, 0.772978, 0.59843, 
252.575, 0.80855, 0.584249, 
252.611, 0.808796, 0.550215, 
252.714, 0.740874, 0.533198, 
252.749, 0.808966, 0.527526, 
252.785, 0.809418, 0.470803, 
252.888, 0.891582, 0.397062, 
252.992, 0.810239, 0.380045, 
253.029, 0.742722, 0.328995, 
253.13, 0.742722, 0.328995, 
253.166, 0.742849, 0.31765, 
253.201, 0.742979, 0.306305, 
253.304, 0.742979, 0.306305, 
253.34, 0.743114, 0.294961, 
253.443, 0.743252, 0.283616, 
253.481, 0.743395, 0.272271, 
253.584, 0.743542, 0.260927, 
253.688, 0.685614, 0.266599, 
253.789, 0.685469, 0.277944, 
253.893, 0.713176, 0.286452, 
253.935, 0.685193, 0.300633, 
254.032, 0.685193, 0.300633, 
254.07, 0.685193, 0.300633, 
254.172, 0.685193, 0.300633, 
254.207, 0.685193, 0.300633, 
254.31, 0.685193, 0.300633, 
254.347, 0.685193, 0.300633, 
254.451, 0.68506, 0.311978, 
254.553, 0.684807, 0.334667, 
254.657, 0.684685, 0.346012, 
254.693, 0.742479, 0.351684, 
254.727, 0.742247, 0.374373, 
254.831, 0.742247, 0.374373, 
254.867, 0.684337, 0.380045, 
254.969, 0.742247, 0.374373, 
255.006, 0.684227, 0.39139, 
255.11, 0.684227, 0.39139, 
255.212, 0.742135, 0.385718, 
255.247, 0.742135, 0.385718, 
255.282, 0.742247, 0.374373, 
255.387, 0.742247, 0.374373, 
255.422, 0.742247, 0.374373, 
255.457, 0.68445, 0.368701, 
255.564, 0.742361, 0.363028, 
255.665, 0.742479, 0.351684, 
255.767, 0.742479, 0.351684, 
255.802, 0.742479, 0.351684, 
255.836, 0.810709, 0.334667, 
255.942, 0.742722, 0.328995, 
255.976, 0.742722, 0.328995, 
256.011, 0.742849, 0.31765, 
256.118, 0.742979, 0.306305, 
256.218, 0.742979, 0.306305, 
256.255, 0.811231, 0.289288, 
256.361, 0.811371, 0.277944, 
256.463, 0.811516, 0.266599, 
256.566, 0.743542, 0.260927, 
256.605, 1.11932, 0.238237, 
256.706, 0.811982, 0.232565, 
256.809, 0.744187, 0.215548, 
256.913, 0.812149, 0.22122, 
256.95, 0.811821, 0.24391, 
257.052, 0.811666, 0.255254, 
257.088, 0.743542, 0.260927, 
257.192, 0.743395, 0.272271, 
257.295, 0.811516, 0.266599, 
257.332, 0.775862, 0.28078, 
257.435, 0.743252, 0.283616, 
257.54, 0.811095, 0.300633, 
257.643, 0.775588, 0.303469, 
257.68, 0.742849, 0.31765, 
257.78, 0.712776, 0.320486, 
257.816, 0.742722, 0.328995, 
257.852, 0.742599, 0.340339, 
257.953, 0.810587, 0.346012, 
257.99, 0.810468, 0.357356, 
258.095, 0.810352, 0.368701, 
258.197, 0.742247, 0.374373, 
258.234, 0.742247, 0.374373, 
258.336, 0.742247, 0.374373, 
258.373, 0.810239, 0.380045, 
258.477, 0.810468, 0.357356, 
258.579, 0.810468, 0.357356, 
258.613, 0.810468, 0.357356, 
258.651, 0.810468, 0.357356, 
258.754, 0.810587, 0.346012, 
258.856, 0.810587, 0.346012, 
258.891, 0.742479, 0.351684, 
258.926, 0.810587, 0.346012, 
258.995, 0.810587, 0.346012, 
259.031, 0.810587, 0.346012, 
259.134, 0.810587, 0.346012, 
259.169, 0.892155, 0.340339, 
259.204, 0.892278, 0.328995, 
259.308, 0.810709, 0.334667, 
259.343, 0.810709, 0.334667, 
259.38, 0.810709, 0.334667, 
259.482, 0.810709, 0.334667, 
259.518, 0.810834, 0.323322, 
259.621, 0.89267, 0.294961, 
259.724, 0.892808, 0.283616, 
259.759, 0.892951, 0.272271, 
259.793, 0.893572, 0.226893, 
259.897, 0.812323, 0.209876, 
259.936, 0.812893, 0.175842, 
260.037, 0.813323, 0.153153, 
260.074, 0.81436, 0.107774, 
260.175, 0.814671, 0.0964294, 
260.21, 0.815392, 0.0737402, 
260.245, 0.816314, 0.0510509, 
260.348, 0.749199, 0.0340339, 
260.385, 0.820506, 0.00567232, 
260.487, 0.817641, -0.0283616, 
260.591, 0.748545, -0.0453786, 
260.628, 0.77963, -0.0822486, 
260.729, 0.814671, -0.0964294, 
260.766, 0.745888, -0.124791, 
260.87, 0.813806, -0.130463, 
260.904, 0.74539, -0.14748, 
260.939, 0.813323, -0.153153, 
261.044, 0.744948, -0.17017, 
261.078, 0.812694, -0.187187, 
261.181, 0.74455, -0.192859, 
261.217, 0.812505, -0.198531, 
261.253, 0.744187, -0.215548, 
261.355, 0.893572, -0.226893, 
261.39, 0.811982, -0.232565, 
261.426, 0.811821, -0.24391, 
261.537, 0.811666, -0.255254, 
261.635, 0.811516, -0.266599, 
261.738, 0.811231, -0.289288, 
261.841, 0.89267, -0.294961, 
261.876, 0.811095, -0.300633, 
261.915, 0.810962, -0.311978, 
262.014, 0.810834, -0.323322, 
262.118, 0.810834, -0.323322, 
262.155, 0.810709, -0.334667, 
262.257, 0.892155, -0.340339, 
262.292, 0.849431, -0.343175, 
262.327, 0.849431, -0.343175, 
262.43, 0.849431, -0.343175, 
262.466, 0.810587, -0.346012, 
262.501, 0.810587, -0.346012, 
262.604, 0.810587, -0.346012, 
262.64, 0.810587, -0.346012, 
262.676, 0.810587, -0.346012, 
262.778, 0.892035, -0.351684, 
262.813, 0.892035, -0.351684, 
262.852, 0.810468, -0.357356, 
262.951, 0.892035, -0.351684, 
262.987, 0.810587, -0.346012, 
263.022, 0.810587, -0.346012, 
263.125, 0.810587, -0.346012, 
263.161, 0.84937, -0.348848, 
263.267, 0.810834, -0.323322, 
263.367, 0.810962, -0.311978, 
263.402, 0.811095, -0.300633, 
263.436, 0.811516, -0.266599, 
263.542, 0.811821, -0.24391, 
263.646, 0.811821, -0.24391, 
263.681, 0.812149, -0.22122, 
263.784, 0.776805, -0.212712, 
263.82, 0.744948, -0.17017, 
263.927, 0.814072, -0.119119, 
264.027, 0.814671, -0.0964294, 
264.063, 0.816902, -0.0397062, 
264.166, 0.782892, -0.0198531, 
264.203, 0.749199, 0.0340339, 
264.306, 0.748009, 0.0567232, 
264.341, 0.746463, 0.102102, 
264.443, 0.688171, 0.119119, 
264.48, 0.686991, 0.175842, 
264.584, 0.68608, 0.232565, 
264.686, 0.685919, 0.24391, 
264.725, 0.685193, 0.300633, 
264.826, 0.742849, 0.31765, 
264.861, 0.684807, 0.334667, 
264.898, 0.684227, 0.39139, 
264.999, 0.684013, 0.414079, 
265.034, 0.683808, 0.436769, 
265.068, 0.683423, 0.482147, 
265.173, 0.68324, 0.504836, 
265.208, 0.740706, 0.555887, 
265.311, 0.740383, 0.601266, 
265.415, 0.632532, 0.612611, 
265.452, 0.682189, 0.652317, 
265.555, 0.739934, 0.669334, 
265.593, 0.739654, 0.714712, 
265.696, 0.739519, 0.737402, 
265.798, 0.807468, 0.754419, 
265.901, 0.739387, 0.760091, 
266.005, 0.739387, 0.760091, 
266.041, 0.807601, 0.731729, 
266.144, 0.739654, 0.714712, 
266.18, 0.739722, 0.703368, 
266.217, 0.739862, 0.680678, 
266.317, 0.739934, 0.669334, 
266.353, 0.739934, 0.669334, 
266.388, 0.74008, 0.646644, 
266.491, 0.682338, 0.629628, 
266.529, 0.682491, 0.606938, 
266.63, 0.740383, 0.601266, 
266.666, 0.740542, 0.578577, 
266.768, 0.682811, 0.56156, 
266.805, 0.683064, 0.527526, 
266.907, 0.741049, 0.510509, 
266.943, 0.741139, 0.499164, 
266.978, 0.741514, 0.453786, 
267.082, 0.683808, 0.436769, 
267.118, 0.742135, 0.385718, 
267.224, 0.742479, 0.351684, 
267.324, 0.742599, 0.340339, 
267.361, 0.742979, 0.306305, 
267.464, 0.776006, 0.269435, 
267.568, 0.714017, 0.224057, 
267.671, 0.686421, 0.209876, 
267.706, 0.74455, 0.192859, 
267.742, 0.687655, 0.141808, 
267.844, 0.715781, 0.127627, 
267.879, 0.688171, 0.119119, 
267.915, 0.745888, 0.124791, 
268.018, 0.687904, 0.130463, 
268.053, 0.715528, 0.138972, 
268.089, 0.687421, 0.153153, 
268.192, 0.687201, 0.164497, 
268.228, 0.63697, 0.181514, 
268.334, 0.686603, 0.198531, 
268.435, 0.63659, 0.204204, 
268.471, 0.636242, 0.226893, 
268.573, 0.68608, 0.232565, 
268.609, 0.635921, 0.249582, 
268.644, 0.635621, 0.272271, 
268.746, 0.685329, 0.289288, 
268.785, 0.635075, 0.31765, 
268.887, 0.634705, 0.351684, 
268.991, 0.591035, 0.357356, 
269.025, 0.658641, 0.365865, 
269.064, 0.634361, 0.385718, 
269.166, 0.634252, 0.397062, 
269.267, 0.633938, 0.431096, 
269.371, 0.658046, 0.42826, 
269.409, 0.63374, 0.453786, 
269.51, 0.683612, 0.459458, 
269.546, 0.683516, 0.470803, 
269.651, 0.683423, 0.482147, 
269.753, 0.683423, 0.482147, 
269.788, 0.683423, 0.482147, 
269.823, 0.683423, 0.482147, 
269.928, 0.74123, 0.48782, 
270.033, 0.711211, 0.484983, 
270.135, 0.74123, 0.48782, 
270.17, 0.74123, 0.48782, 
270.206, 0.683612, 0.459458, 
270.309, 0.683709, 0.448113, 
270.345, 0.741815, 0.419752, 
270.451, 0.742026, 0.397062, 
270.552, 0.742247, 0.374373, 
270.587, 0.742247, 0.374373, 
270.624, 0.742479, 0.351684, 
270.725, 0.810587, 0.346012, 
270.764, 0.742722, 0.328995, 
270.866, 0.810962, 0.311978, 
270.968, 0.742979, 0.306305, 
271.003, 0.811095, 0.300633, 
271.04, 0.811371, 0.277944, 
271.142, 0.850293, 0.269435, 
271.176, 0.811516, 0.266599, 
271.212, 0.811821, 0.24391, 
271.315, 0.850755, 0.235401, 
271.35, 0.811982, 0.232565, 
271.385, 0.812323, 0.209876, 
271.488, 0.812323, 0.209876, 
271.524, 0.89392, 0.204204, 
271.559, 0.8943, 0.181514, 
271.662, 0.894504, 0.17017, 
271.697, 0.813102, 0.164497, 
271.733, 0.813102, 0.164497, 
271.836, 0.894719, 0.158825, 
271.872, 0.894719, 0.158825, 
271.978, 0.894946, 0.14748, 
272.078, 0.894946, 0.14748, 
272.113, 0.895187, 0.136136, 
272.149, 0.895187, 0.136136, 
272.251, 0.895187, 0.136136, 
272.355, 0.99519, 0.130463, 
272.391, 0.895187, 0.136136, 
272.425, 0.895444, 0.124791, 
272.529, 0.852818, 0.121955, 
272.562, 0.895721, 0.113446, 
272.598, 0.895721, 0.113446, 
272.64, 0.896019, 0.102102, 
272.739, 0.996055, 0.0964294, 
272.773, 0.896345, 0.0907571, 
272.81, 0.943342, 0.0992656, 
272.911, 0.996055, 0.0964294, 
272.946, 0.896019, 0.102102, 
272.981, 0.995743, 0.107774, 
273.084, 0.995743, 0.107774, 
273.119, 0.995743, 0.107774, 
273.155, 0.995743, 0.107774, 
273.258, 0.995743, 0.107774, 
273.294, 0.995743, 0.107774, 
273.328, 0.995743, 0.107774, 
273.432, 0.995743, 0.107774, 
273.468, 0.896345, 0.0907571, 
273.575, 0.747149, 0.0794125, 
273.676, 0.747149, 0.0794125, 
273.71, 0.689111, 0.0850848, 
273.747, 0.68949, 0.0737402, 
273.85, 0.896019, 0.102102, 
273.953, 0.896019, 0.102102, 
274.059, 0.995743, 0.107774, 
274.162, 0.995743, 0.107774, 
274.266, 0.995743, 0.107774, 
274.373, 0.895721, 0.113446, 
274.476, 0.896019, 0.102102, 
274.577, 0.943675, 0.087921, 
274.614, 1.51801, 0.0680678, 
274.716, 0.996776, 0.0737402, 
274.753, 0.896019, 0.102102, 
274.858, 0.895721, 0.113446, 
274.959, 0.895444, 0.124791, 
274.994, 0.813557, 0.141808, 
275.033, 0.813102, 0.164497, 
275.132, 0.894504, 0.17017, 
275.17, 0.89392, 0.204204, 
275.273, 0.811982, 0.232565, 
275.376, 0.893408, 0.238237, 
275.411, 0.811516, 0.266599, 
275.514, 0.895187, -0.136136, 
275.553, 0.813323, -0.153153, 
275.653, 0.813323, -0.153153, 
275.689, 0.813323, -0.153153, 
275.793, 0.745163, -0.158825, 
275.895, 0.687201, -0.164497, 
275.931, 0.744948, -0.17017, 
275.967, 0.687201, -0.164497, 
276.07, 0.686991, -0.175842, 
276.105, 0.63697, -0.181514, 
276.141, 0.63697, -0.181514, 
276.242, 0.63697, -0.181514, 
276.347, 0.593261, -0.187187, 
276.384, 0.520474, -0.187187, 
276.486, 0.520474, -0.187187, 
276.521, 0.520474, -0.187187, 
276.557, 0.489794, -0.181514, 
276.659, 0.46208, -0.175842, 
276.695, 0.436897, -0.17017, 
276.73, 0.436897, -0.17017, 
276.833, 0.413893, -0.164497, 
276.869, 0.355316, -0.14748, 
276.975, 0.323035, -0.136136, 
277.078, 0.282387, -0.107774, 
277.181, 0.259395, -0.0850848, 
277.286, 0.221093, -0.0397062, 
277.391, 0.203827, 0.0397062, 
277.494, 0.185545, 0.107774, 
277.597, 0.177502, 0.136136, 
277.633, 0.168915, 0.22122, 
277.735, 0.175565, 0.249582, 
277.771, 0.174593, 0.328995, 
277.875, 0.167118, 0.368701, 
277.91, 0.188639, 0.431096, 
278.014, 0.188441, 0.453786, 
278.05, 0.20445, 0.510509, 
278.152, 0.204275, 0.533198, 
278.187, 0.212986, 0.550215, 
278.221, 0.231787, 0.584249, 
278.326, 0.241956, 0.601266, 
278.361, 0.264066, 0.6353, 
278.465, 0.295744, 0.660825, 
278.568, 0.302708, 0.663661, 
278.605, 0.332991, 0.675006, 
278.707, 0.332991, 0.675006, 
278.743, 0.349933, 0.657989, 
278.85, 0.368313, 0.618283, 
278.95, 0.36839, 0.606938, 
278.985, 0.38824, 0.567232, 
279.09, 0.409933, 0.504836, 
279.196, 0.433561, 0.442441, 
279.297, 0.433764, 0.419752, 
279.332, 0.433975, 0.397062, 
279.371, 0.487899, 0.31765, 
279.471, 0.488164, 0.294961, 
279.508, 0.489066, 0.226893, 
279.611, 0.489794, 0.181514, 
279.715, 0.462744, 0.141808, 
279.817, 0.462993, 0.130463, 
279.853, 0.393782, 0.113446, 
279.959, 0.524094, 0.0510509, 
280.06, 0.559317, 0.0340339, 
280.095, 0.525421, 0.0283616, 
280.13, 0.561464, -0.0113446, 
280.234, 0.598208, -0.0283616, 
280.338, 0.559317, -0.0340339, 
280.374, 0.597469, -0.0397062, 
280.477, 0.596881, -0.0510509, 
280.517, 0.596387, -0.0623955, 
280.621, 0.557267, -0.0794125, 
280.72, 0.557267, -0.0794125, 
280.756, 0.595238, -0.0964294, 
280.859, 0.595238, -0.0964294, 
280.895, 0.556581, -0.102102, 
281, 0.556283, -0.113446, 
281.102, 0.594927, -0.107774, 
281.137, 0.556283, -0.113446, 
281.172, 0.556006, -0.124791, 
281.275, 0.521586, -0.130463, 
281.314, 0.521103, -0.153153, 
281.415, 0.490681, -0.136136, 
281.518, 0.490681, -0.136136, 
281.556, 0.492199, -0.0794125, 
281.657, 0.492601, -0.0680678, 
281.693, 0.493595, -0.0453786, 
281.796, 0.467849, -0.017017, 
281.9, 0.443296, -0.0113446, 
281.939, 0.495103, 0.0226893, 
282.039, 0.441148, 0.0340339, 
282.074, 0.439958, 0.0567232, 
282.109, 0.415462, 0.0964294, 
282.211, 0.41515, 0.107774, 
282.248, 0.414596, 0.130463, 
282.286, 0.372691, 0.187187, 
282.385, 0.391981, 0.204204, 
282.421, 0.391633, 0.226893, 
282.456, 0.353468, 0.260927, 
282.56, 0.353178, 0.283616, 
282.595, 0.352649, 0.328995, 
282.701, 0.335065, 0.402735, 
282.804, 0.334463, 0.470803, 
282.907, 0.318193, 0.544543, 
283.011, 0.318027, 0.567232, 
283.049, 0.33321, 0.640972, 
283.15, 0.332713, 0.720385, 
283.254, 0.316726, 0.771436, 
283.359, 0.456337, 0.811142, 
283.465, 0.587595, 0.833831, 
283.565, 0.631175, 0.839503, 
283.601, 0.738889, 0.850848, 
283.705, 0.738889, 0.850848, 
283.753, 0.681065, 0.845176, 
283.843, 0.631175, 0.839503, 
283.882, 0.484121, 0.816814, 
283.984, 0.431336, 0.760091, 
284.086, 0.456788, 0.731729, 
284.122, 0.457134, 0.675006, 
284.227, 0.485356, 0.612611, 
284.337, 0.485756, 0.555887, 
284.433, 0.500848, 0.541707, 
284.468, 0.486011, 0.521853, 
284.505, 0.486564, 0.453786, 
284.607, 0.486762, 0.431096, 
284.643, 0.518367, 0.346012, 
284.748, 0.519446, 0.255254, 
284.849, 0.504012, 0.229729, 
284.886, 0.555066, 0.17017, 
284.992, 0.555749, 0.136136, 
285.095, 0.594927, 0.107774, 
285.196, 0.556581, 0.102102, 
285.231, 0.556907, 0.0907571, 
285.267, 0.557267, 0.0794125, 
285.371, 0.595959, 0.0737402, 
285.406, 0.557267, 0.0794125, 
285.509, 0.557267, 0.0794125, 
