#ssr102
0, 0.0, 
0.48, 0.0, 
0.65, 0.0, 
0.81, 0.0, 
0.99, 0.0, 
1.2, 0.0, 
1.3, 0.0, 
1.5, 0.0, 
1.7, 0.0, 
1.9, 0.0, 
2, 0.876373450658, 
2.2, 0.765763209313, 
2.4, 0.743073929037, 
2.6, 0.72605696883, 
2.7, 0.709040008623, 
2.9, 0.697695368485, 
3.1, 0.66933376814, 
3.2, 0.623955207588, 
3.4, 0.578576647036, 
3.6, 0.527525766415, 
3.8, 0.470802565725, 
3.9, 0.425424005174, 
4.1, 0.380045444622, 
4.3, 0.357356164346, 
4.5, 0.328994564001, 
4.6, 0.289288323518, 
4.8, 0.260926723173, 
5, 0.243909762966, 
5.2, 0.22122048269, 
5.3, 0.187186562276, 
5.5, 0.167333442035, 
5.7, 0.170169602069, 
5.9, 0.170169602069, 
6, 0.181514242207, 
6.2, 0.187186562276, 
6.4, 0.187186562276, 
6.5, 0.181514242207, 
6.7, 0.164497282, 
6.9, 0.158824961931, 
7.1, 0.153152641863, 
7.2, 0.153152641863, 
7.4, 0.164497282, 
7.6, 0.170169602069, 
7.8, 0.153152641863, 
7.9, 0.153152641863, 
8.1, 0.150316481828, 
8.3, 0.147480321794, 
8.5, 0.147480321794, 
8.6, 0.153152641863, 
8.8, 0.204203522483, 
9, 0.198531202414, 
9.2, 0.181514242207, 
9.3, 0.136135681656, 
9.5, 0.107774081311, 
9.7, 0.0737401608968, 
9.8, 0.0226892802759, 
10, 0.00567232006898, 
10, -0.0397062404829, 
10, -0.00567232006898, 
11, -0.0283616003449, 
11, -0.0340339204139, 
11, -0.0340339204139, 
11, -0.0397062404829, 
11, -0.0510508806208, 
11, -0.0680678408278, 
12, -0.0850848010347, 
12, -0.104937921276, 
12, -0.102101761242, 
12, -0.11344640138, 
12, -0.119118721449, 
12, -0.27794368338, 
13, -0.311977603794, 
13, -0.317649923863, 
13, -0.323322243932, 
13, -0.328994564001, 
13, -0.311977603794, 
13, -0.306305283725, 
14, -0.294960643587, 
14, -0.27794368338, 
14, -0.27794368338, 
14, -0.249582083035, 
14, -0.249582083035, 
15, -0.238237442897, 
15, -0.22122048269, 
15, -0.22122048269, 
15, -0.204203522483, 
15, -0.204203522483, 
15, -0.204203522483, 
16, -0.204203522483, 
16, -0.204203522483, 
16, -0.198531202414, 
16, -0.204203522483, 
16, -0.204203522483, 
16, -0.204203522483, 
17, -0.198531202414, 
17, -0.204203522483, 
17, -0.209875842552, 
17, -0.204203522483, 
17, -0.204203522483, 
17, -0.204203522483, 
18, -0.192858882345, 
18, -0.192858882345, 
18, -0.204203522483, 
18, -0.198531202414, 
18, -0.204203522483, 
19, -0.192858882345, 
19, -0.181514242207, 
19, -0.187186562276, 
19, -0.181514242207, 
19, -0.181514242207, 
19, -0.181514242207, 
20, -0.181514242207, 
20, -0.181514242207, 
20, -0.181514242207, 
20, -0.181514242207, 
20, -0.181514242207, 
20, -0.181514242207, 
21, -0.181514242207, 
21, -0.181514242207, 
21, -0.181514242207, 
21, -0.181514242207, 
21, -0.181514242207, 
21, -0.181514242207, 
22, -0.181514242207, 
22, -0.181514242207, 
22, -0.181514242207, 
22, -0.204203522483, 
22, -0.190022722311, 
23, -0.184350402242, 
23, -0.187186562276, 
23, -0.187186562276, 
23, -0.181514242207, 
23, -0.181514242207, 
23, -0.181514242207, 
24, -0.187186562276, 
24, -0.187186562276, 
24, -0.187186562276, 
24, -0.192858882345, 
24, -0.209875842552, 
24, -0.209875842552, 
25, -0.204203522483, 
25, -0.204203522483, 
25, -0.204203522483, 
25, -0.204203522483, 
25, -0.192858882345, 
25, -0.204203522483, 
26, -0.204203522483, 
26, -0.204203522483, 
26, -0.215548162621, 
26, -0.209875842552, 
26, -0.204203522483, 
27, -0.204203522483, 
27, -0.22122048269, 
27, -0.22122048269, 
27, -0.22122048269, 
27, -0.226892802759, 
27, -0.22122048269, 
28, -0.226892802759, 
28, -0.22122048269, 
28, -0.226892802759, 
28, -0.226892802759, 
28, -0.243909762966, 
28, -0.243909762966, 
29, -0.238237442897, 
29, -0.238237442897, 
29, -0.238237442897, 
29, -0.238237442897, 
29, -0.238237442897, 
29, -0.232565122828, 
30, -0.226892802759, 
30, -0.243909762966, 
30, -0.243909762966, 
30, -0.232565122828, 
30, -0.232565122828, 
30, -0.243909762966, 
31, -0.226892802759, 
31, -0.226892802759, 
31, -0.226892802759, 
31, -0.226892802759, 
31, -0.226892802759, 
32, -0.232565122828, 
32, -0.249582083035, 
32, -0.238237442897, 
32, -0.243909762966, 
32, -0.249582083035, 
32, -0.249582083035, 
33, -0.238237442897, 
33, -0.226892802759, 
33, -0.226892802759, 
33, -0.238237442897, 
33, -0.226892802759, 
33, -0.243909762966, 
34, -0.232565122828, 
34, -0.232565122828, 
34, -0.232565122828, 
34, -0.226892802759, 
34, -0.226892802759, 
34, -0.226892802759, 
35, -0.226892802759, 
35, -0.226892802759, 
35, -0.226892802759, 
35, -0.226892802759, 
35, -0.22122048269, 
36, -0.22122048269, 
36, -0.215548162621, 
36, -0.22122048269, 
36, -0.226892802759, 
36, -0.232565122828, 
36, -0.226892802759, 
37, -0.232565122828, 
37, -0.232565122828, 
37, -0.226892802759, 
37, -0.226892802759, 
37, -0.238237442897, 
37, -0.232565122828, 
38, -0.229728962794, 
38, -0.255254403104, 
38, -0.249582083035, 
38, -0.255254403104, 
38, -0.255254403104, 
38, -0.255254403104, 
39, -0.266599043242, 
39, -0.272271363311, 
39, -0.255254403104, 
39, -0.272271363311, 
39, -0.249582083035, 
40, -0.249582083035, 
40, -0.243909762966, 
40, -0.232565122828, 
40, -0.249582083035, 
40, -0.249582083035, 
40, -0.249582083035, 
41, -0.266599043242, 
41, -0.272271363311, 
41, -0.27794368338, 
41, -0.272271363311, 
41, -0.27794368338, 
41, -0.272271363311, 
42, -0.260926723173, 
42, -0.260926723173, 
42, -0.243909762966, 
42, -0.243909762966, 
42, -0.249582083035, 
42, -0.243909762966, 
43, -0.243909762966, 
43, -0.249582083035, 
43, -0.260926723173, 
43, -0.260926723173, 
43, -0.266599043242, 
44, -0.289288323518, 
44, -0.294960643587, 
44, -0.294960643587, 
44, -0.294960643587, 
44, -0.294960643587, 
44, -0.272271363311, 
45, -0.266599043242, 
45, -0.260926723173, 
45, -0.27794368338, 
45, -0.260926723173, 
45, -0.272271363311, 
45, -0.260926723173, 
46, -0.260926723173, 
46, -0.266599043242, 
46, -0.266599043242, 
46, -0.266599043242, 
46, -0.266599043242, 
46, -0.283616003449, 
47, -0.289288323518, 
47, -0.294960643587, 
47, -0.289288323518, 
47, -0.306305283725, 
47, -0.294960643587, 
48, -0.300632963656, 
48, -0.306305283725, 
48, -0.317649923863, 
48, -0.289288323518, 
48, -0.294960643587, 
48, -0.306305283725, 
49, -0.311977603794, 
49, -0.311977603794, 
49, -0.311977603794, 
49, -0.328994564001, 
49, -0.306305283725, 
49, -0.323322243932, 
50, -0.311977603794, 
50, -0.306305283725, 
50, -0.306305283725, 
50, -0.289288323518, 
50, -0.306305283725, 
50, -0.306305283725, 
51, -0.294960643587, 
51, -0.306305283725, 
51, -0.300632963656, 
51, -0.306305283725, 
51, -0.289288323518, 
52, -0.294960643587, 
52, -0.294960643587, 
52, -0.300632963656, 
52, -0.300632963656, 
52, -0.283616003449, 
52, -0.300632963656, 
53, -0.294960643587, 
53, -0.294960643587, 
53, -0.317649923863, 
53, -0.317649923863, 
53, -0.311977603794, 
53, -0.328994564001, 
54, -0.328994564001, 
54, -0.340339204139, 
54, -0.33466688407, 
54, -0.328994564001, 
54, -0.328994564001, 
54, -0.328994564001, 
55, -0.328994564001, 
55, -0.323322243932, 
55, -0.306305283725, 
55, -0.323322243932, 
55, -0.351683844277, 
56, -0.340339204139, 
56, -0.340339204139, 
56, -0.351683844277, 
56, -0.351683844277, 
56, -0.328994564001, 
56, -0.328994564001, 
57, -0.328994564001, 
57, -0.328994564001, 
57, -0.33466688407, 
57, -0.328994564001, 
57, -0.328994564001, 
57, -0.323322243932, 
58, -0.328994564001, 
58, -0.317649923863, 
58, -0.328994564001, 
58, -0.311977603794, 
58, -0.323322243932, 
58, -0.300632963656, 
59, -0.311977603794, 
59, -0.311977603794, 
59, -0.311977603794, 
59, -0.317649923863, 
59, -0.317649923863, 
60, -0.317649923863, 
60, -0.311977603794, 
60, -0.317649923863, 
60, -0.311977603794, 
60, -0.317649923863, 
60, -0.346011524208, 
61, -0.340339204139, 
61, -0.33466688407, 
61, -0.33466688407, 
61, -0.351683844277, 
61, -0.346011524208, 
61, -0.340339204139, 
62, -0.33466688407, 
62, -0.33466688407, 
62, -0.328994564001, 
62, -0.340339204139, 
62, -0.323322243932, 
62, -0.317649923863, 
63, -0.340339204139, 
63, -0.340339204139, 
63, -0.351683844277, 
63, -0.351683844277, 
63, -0.363028484415, 
63, -0.340339204139, 
64, -0.340339204139, 
64, -0.340339204139, 
64, -0.346011524208, 
64, -0.340339204139, 
64, -0.357356164346, 
65, -0.340339204139, 
65, -0.317649923863, 
65, -0.306305283725, 
65, -0.311977603794, 
65, -0.317649923863, 
65, -0.317649923863, 
66, -0.303469123691, 
66, -0.300632963656, 
66, -0.328994564001, 
66, -0.317649923863, 
66, -0.340339204139, 
66, -0.340339204139, 
67, -0.357356164346, 
67, -0.380045444622, 
67, -0.380045444622, 
67, -0.351683844277, 
67, -0.374373124553, 
67, -0.363028484415, 
68, -0.363028484415, 
68, -0.380045444622, 
68, -0.363028484415, 
68, -0.340339204139, 
68, -0.340339204139, 
69, -0.323322243932, 
69, -0.311977603794, 
69, -0.33466688407, 
69, -0.33466688407, 
69, -0.328994564001, 
69, -0.33466688407, 
70, -0.368700804484, 
70, -0.368700804484, 
70, -0.340339204139, 
70, -0.340339204139, 
70, -0.340339204139, 
70, -0.346011524208, 
71, -0.368700804484, 
71, -0.351683844277, 
71, -0.340339204139, 
71, -0.340339204139, 
71, -0.340339204139, 
71, -0.317649923863, 
72, -0.317649923863, 
72, -0.294960643587, 
72, -0.294960643587, 
72, -0.317649923863, 
72, -0.323322243932, 
73, -0.317649923863, 
73, -0.346011524208, 
73, -0.340339204139, 
73, -0.346011524208, 
