#ssr105
0, -0.845175690278, 
0.47, -0.533198086484, 
0.65, -0.397062404829, 
0.82, -0.260926723173, 
0.99, -0.158824961931, 
1.2, -0.102101761242, 
1.3, -0.0567232006898, 
1.5, -0.0567232006898, 
1.7, -0.0623955207588, 
1.9, -0.0850848010347, 
2, -0.11344640138, 
2.2, -0.147480321794, 
2.4, -0.181514242207, 
2.6, -0.204203522483, 
2.7, -0.238237442897, 
2.9, -0.294960643587, 
3.1, -0.351683844277, 
3.2, -0.368700804484, 
3.4, -0.414079365036, 
3.6, -0.476474885794, 
3.8, -0.493491846001, 
3.9, -0.536034246519, 
4.1, -0.595593607243, 
4.3, -0.618282887519, 
4.5, -0.680678408278, 
4.6, -0.714712328692, 
4.8, -0.657989128002, 
5, -0.61261056745, 
5.2, -0.521853446346, 
5.3, -0.490655685967, 
5.5, -0.470802565725, 
5.7, -0.374373124553, 
5.8, -0.283616003449, 
6, -0.266599043242, 
6.2, -0.289288323518, 
6.4, -0.328994564001, 
6.5, -0.33466688407, 
6.7, -0.39139008476, 
6.9, -0.408407044967, 
7.1, -0.431096325243, 
7.2, -0.459457925588, 
7.4, -0.55588736676, 
7.6, -0.618282887519, 
7.8, -0.623955207588, 
7.9, -0.527525766415, 
8.1, -0.414079365036, 
8.3, -0.368700804484, 
8.5, -0.317649923863, 
8.6, -0.351683844277, 
8.8, -0.33466688407, 
9, -0.158824961931, 
9.1, -0.0453785605519, 
9.3, -0.0680678408278, 
9.5, -0.124791041518, 
9.7, -0.147480321794, 
9.8, -0.130463361587, 
10, -0.170169602069, 
10, -0.204203522483, 
10, -0.175841922138, 
11, -0.204203522483, 
11, -0.238237442897, 
11, -0.260926723173, 
11, -0.306305283725, 
11, -0.351683844277, 
11, -0.419751685105, 
12, -0.476474885794, 
12, -0.521853446346, 
12, -0.561559686829, 
12, -0.567232006898, 
12, -0.55588736676, 
12, -0.567232006898, 
13, -0.521853446346, 
13, -0.431096325243, 
13, -0.343175364173, 
13, -0.311977603794, 
13, -0.292124483553, 
13, -0.272271363311, 
14, -0.224056642725, 
14, -0.204203522483, 
14, -0.141808001725, 
14, -0.102101761242, 
14, -0.11344640138, 
15, -0.124791041518, 
15, -0.124791041518, 
15, -0.124791041518, 
15, -0.130463361587, 
15, -0.0794124809657, 
15, 0.0510508806208, 
16, 0.107774081311, 
16, 0.0907571211037, 
16, 0.0737401608968, 
16, 0.0623955207588, 
16, 0.0567232006898, 
16, 0.0340339204139, 
17, 0.0226892802759, 
17, 0.00850848010347, 
17, -0.0170169602069, 
17, -0.0397062404829, 
17, -0.0850848010347, 
17, -0.130463361587, 
18, -0.158824961931, 
18, -0.181514242207, 
18, -0.153152641863, 
18, -0.0453785605519, 
18, -0.0340339204139, 
19, -0.0737401608968, 
19, -0.11344640138, 
19, -0.102101761242, 
19, -0.0737401608968, 
19, -0.0680678408278, 
19, 0.0283616003449, 
20, 0.0907571211037, 
20, 0.11344640138, 
20, 0.158824961931, 
20, 0.215548162621, 
20, 0.317649923863, 
20, 0.408407044967, 
21, 0.493491846001, 
21, 0.623955207588, 
21, 0.720384648761, 
21, 0.760090889244, 
21, 0.782780169519, 
21, 0.782780169519, 
22, 0.788452489588, 
22, 0.805469449795, 
22, 0.771435529381, 
22, 0.686350728347, 
22, 0.646644487864, 
23, 0.595593607243, 
23, 0.402734724898, 
23, 0.192858882345, 
23, 0.00567232006898, 
23, -0.0964294411727, 
23, -0.0340339204139, 
24, -0.0255254403104, 
24, -0.0567232006898, 
24, -0.0397062404829, 
24, -0.00567232006898, 
24, -0.00567232006898, 
24, 0.0453785605519, 
25, 0.0680678408278, 
25, 0.0964294411727, 
25, 0.164497282, 
25, 0.226892802759, 
25, 0.283616003449, 
25, 0.357356164346, 
26, 0.482147205863, 
26, 0.595593607243, 
26, 0.703367688554, 
26, 0.77710784945, 
26, 0.782780169519, 
26, 0.760090889244, 
27, 0.703367688554, 
27, 0.692023048416, 
27, 0.692023048416, 
27, 0.623955207588, 
27, 0.521853446346, 
28, 0.431096325243, 
28, 0.272271363311, 
28, 0.11344640138, 
28, -0.0623955207588, 
28, -0.136135681656, 
28, -0.102101761242, 
29, -0.124791041518, 
29, -0.0794124809657, 
29, -0.0737401608968, 
29, -0.175841922138, 
29, -0.158824961931, 
29, -0.0907571211037, 
30, -0.0850848010347, 
30, -0.0850848010347, 
30, -0.0964294411727, 
30, 0.0283616003449, 
30, 0.141808001725, 
30, 0.198531202414, 
31, 0.266599043242, 
31, 0.402734724898, 
31, 0.487819525932, 
31, 0.618282887519, 
31, 0.697695368485, 
32, 0.680678408278, 
32, 0.646644487864, 
32, 0.601265927312, 
32, 0.567232006898, 
32, 0.578576647036, 
32, 0.550215046691, 
33, 0.487819525932, 
33, 0.340339204139, 
33, 0.158824961931, 
33, 0.00567232006898, 
33, 0.0, 
33, 0.0340339204139, 
34, 0.0340339204139, 
34, 0.0, 
34, -0.0567232006898, 
34, -0.153152641863, 
34, -0.102101761242, 
34, -0.11344640138, 
35, -0.11344640138, 
35, -0.141808001725, 
35, -0.102101761242, 
35, -0.0567232006898, 
35, -0.00567232006898, 
36, 0.0, 
36, 0.00567232006898, 
36, 0.011344640138, 
36, 0.11344640138, 
36, 0.0794124809657, 
36, 0.181514242207, 
37, 0.209875842552, 
37, 0.209875842552, 
37, 0.414079365036, 
37, 0.510508806208, 
37, 0.635299847726, 
37, 0.72605696883, 
38, 0.771435529381, 
38, 0.805469449795, 
38, 0.828158730071, 
38, 0.839503370209, 
38, 0.850848010347, 
38, 0.828158730071, 
39, 0.839503370209, 
39, 0.850848010347, 
39, 0.816814089933, 
39, 0.601265927312, 
39, 0.476474885794, 
40, 0.380045444622, 
40, 0.226892802759, 
40, 0.226892802759, 
40, 0.260926723173, 
40, 0.170169602069, 
40, 0.11344640138, 
41, 0.0964294411727, 
41, 0.0737401608968, 
41, 0.0680678408278, 
41, 0.0453785605519, 
41, 0.0567232006898, 
41, 0.0453785605519, 
42, 0.0397062404829, 
42, 0.0226892802759, 
42, 0.0340339204139, 
42, 0.0964294411727, 
42, 0.124791041518, 
42, 0.141808001725, 
43, 0.215548162621, 
43, 0.294960643587, 
43, 0.33466688407, 
43, 0.39139008476, 
43, 0.482147205863, 
44, 0.601265927312, 
44, 0.697695368485, 
44, 0.782780169519, 
44, 0.816814089933, 
44, 0.850848010347, 
44, 0.311977603794, 
45, 0.351683844277, 
45, 0.294960643587, 
45, 0.243909762966, 
45, 0.328994564001, 
45, 0.340339204139, 
45, 0.243909762966, 
46, 0.155988801897, 
46, 0.175841922138, 
46, 0.283616003449, 
46, 0.306305283725, 
46, 0.215548162621, 
46, 0.170169602069, 
47, 0.181514242207, 
47, 0.175841922138, 
47, 0.215548162621, 
47, 0.317649923863, 
47, 0.323322243932, 
47, 0.303469123691, 
48, 0.33466688407, 
48, 0.487819525932, 
48, 0.516181126277, 
48, 0.502000326105, 
48, 0.544542726622, 
49, 0.640972167795, 
49, 0.657989128002, 
49, 0.550215046691, 
49, 0.533198086484, 
49, 0.584248967105, 
49, 0.544542726622, 
50, 0.510508806208, 
50, 0.49916416607, 
50, 0.380045444622, 
50, 0.357356164346, 
50, 0.33466688407, 
50, 0.260926723173, 
51, 0.27794368338, 
51, 0.397062404829, 
51, 0.397062404829, 
51, 0.306305283725, 
51, 0.249582083035, 
51, 0.209875842552, 
52, 0.187186562276, 
52, 0.187186562276, 
52, 0.192858882345, 
52, 0.260926723173, 
52, 0.317649923863, 
53, 0.306305283725, 
53, 0.363028484415, 
53, 0.442440965381, 
53, 0.521853446346, 
53, 0.618282887519, 
53, 0.652316807933, 
54, 0.657989128002, 
54, 0.646644487864, 
54, 0.686350728347, 
54, 0.697695368485, 
54, 0.697695368485, 
54, 0.686350728347, 
55, 0.657989128002, 
55, 0.635299847726, 
55, 0.544542726622, 
55, 0.402734724898, 
55, 0.238237442897, 
55, 0.102101761242, 
56, -0.0170169602069, 
56, -0.0340339204139, 
56, 0.0567232006898, 
56, 0.0680678408278, 
56, 0.119118721449, 
57, 0.192858882345, 
57, 0.192858882345, 
57, 0.187186562276, 
57, 0.198531202414, 
57, 0.249582083035, 
57, 0.249582083035, 
58, 0.289288323518, 
58, 0.283616003449, 
58, 0.33466688407, 
58, 0.340339204139, 
58, 0.385717764691, 
58, 0.419751685105, 
59, 0.453785605519, 
59, 0.504836486139, 
59, 0.527525766415, 
59, 0.493491846001, 
59, 0.482147205863, 
59, 0.476474885794, 
60, 0.453785605519, 
60, 0.374373124553, 
60, 0.181514242207, 
60, 0.158824961931, 
60, 0.175841922138, 
61, 0.175841922138, 
61, 0.11344640138, 
61, 0.201367362449, 
61, 0.181514242207, 
61, 0.215548162621, 
61, 0.192858882345, 
62, 0.232565122828, 
62, 0.215548162621, 
62, 0.232565122828, 
62, 0.22122048269, 
62, 0.201367362449, 
62, 0.22122048269, 
63, 0.289288323518, 
63, 0.27794368338, 
63, 0.266599043242, 
63, 0.294960643587, 
63, 0.357356164346, 
63, 0.351683844277, 
64, 0.337503044104, 
64, 0.357356164346, 
64, 0.402734724898, 
64, 0.453785605519, 
64, 0.493491846001, 
65, 0.521853446346, 
65, 0.544542726622, 
65, 0.589921287174, 
65, 0.606938247381, 
65, 0.629627527657, 
65, 0.629627527657, 
66, 0.487819525932, 
66, 0.397062404829, 
66, 0.357356164346, 
66, 0.272271363311, 
66, 0.164497282, 
66, 0.124791041518, 
67, 0.136135681656, 
67, 0.0964294411727, 
67, 0.0850848010347, 
67, 0.136135681656, 
67, 0.136135681656, 
67, 0.124791041518, 
68, 0.170169602069, 
68, 0.175841922138, 
68, 0.209875842552, 
68, 0.226892802759, 
68, 0.368700804484, 
68, 0.414079365036, 
69, 0.431096325243, 
69, 0.436768645312, 
69, 0.459457925588, 
69, 0.442440965381, 
69, 0.346011524208, 
70, 0.431096325243, 
70, 0.419751685105, 
70, 0.272271363311, 
70, 0.147480321794, 
70, 0.0737401608968, 
70, 0.158824961931, 
71, 0.204203522483, 
71, 0.170169602069, 
71, 0.181514242207, 
71, 0.178678082173, 
71, 0.153152641863, 
71, 0.158824961931, 
72, 0.130463361587, 
72, 0.158824961931, 
72, 0.153152641863, 
72, 0.170169602069, 
72, 0.0907571211037, 
72, 0.0680678408278, 
73, 0.11344640138, 
73, 0.119118721449, 
73, 0.119118721449, 
73, 0.119118721449, 
73, 0.147480321794, 
74, 0.141808001725, 
74, 0.164497282, 
74, 0.164497282, 
74, 0.192858882345, 
74, 0.187186562276, 
74, 0.209875842552, 
75, 0.226892802759, 
75, 0.328994564001, 
75, 0.363028484415, 
75, 0.414079365036, 
75, 0.44811328545, 
75, 0.459457925588, 
76, 0.465130245656, 
76, 0.368700804484, 
76, 0.374373124553, 
76, 0.346011524208, 
76, 0.266599043242, 
76, 0.181514242207, 
77, 0.147480321794, 
77, 0.164497282, 
77, 0.147480321794, 
77, 0.158824961931, 
77, 0.158824961931, 
78, 0.175841922138, 
78, 0.170169602069, 
78, 0.192858882345, 
78, 0.187186562276, 
78, 0.170169602069, 
78, 0.192858882345, 
79, 0.226892802759, 
79, 0.204203522483, 
79, 0.170169602069, 
79, 0.170169602069, 
79, 0.164497282, 
79, 0.187186562276, 
80, 0.170169602069, 
80, 0.187186562276, 
80, 0.170169602069, 
80, 0.147480321794, 
80, 0.158824961931, 
80, 0.147480321794, 
81, 0.130463361587, 
81, 0.141808001725, 
81, 0.170169602069, 
81, 0.158824961931, 
81, 0.153152641863, 
82, 0.170169602069, 
82, 0.198531202414, 
82, 0.192858882345, 
82, 0.187186562276, 
82, 0.215548162621, 
82, 0.181514242207, 
83, 0.204203522483, 
83, 0.226892802759, 
83, 0.192858882345, 
83, 0.170169602069, 
83, 0.192858882345, 
83, 0.164497282, 
84, 0.187186562276, 
84, 0.181514242207, 
84, 0.192858882345, 
84, 0.243909762966, 
84, 0.260926723173, 
84, 0.397062404829, 
85, 0.465130245656, 
85, 0.544542726622, 
85, 0.595593607243, 
85, 0.61261056745, 
85, 0.629627527657, 
85, 0.635299847726, 
86, 0.657989128002, 
86, 0.629627527657, 
86, 0.595593607243, 
86, 0.601265927312, 
86, 0.601265927312, 
87, 0.516181126277, 
87, 0.487819525932, 
87, 0.482147205863, 
87, 0.453785605519, 
87, 0.346011524208, 
87, 0.22122048269, 
88, 0.170169602069, 
88, 0.170169602069, 
88, 0.141808001725, 
88, 0.153152641863, 
88, 0.22122048269, 
88, 0.226892802759, 
89, 0.192858882345, 
89, 0.181514242207, 
89, 0.175841922138, 
89, 0.226892802759, 
89, 0.249582083035, 
89, 0.272271363311, 
90, 0.243909762966, 
90, 0.22122048269, 
90, 0.272271363311, 
90, 0.445277125415, 
90, 0.380045444622, 
91, 0.340339204139, 
91, 0.346011524208, 
91, 0.368700804484, 
91, 0.47363872576, 
91, 0.385717764691, 
91, 0.363028484415, 
92, 0.306305283725, 
92, 0.232565122828, 
92, 0.170169602069, 
92, 0.181514242207, 
92, 0.192858882345, 
92, 0.181514242207, 
93, 0.192858882345, 
93, 0.170169602069, 
93, 0.178678082173, 
93, 0.243909762966, 
93, 0.249582083035, 
93, 0.255254403104, 
94, 0.346011524208, 
94, 0.283616003449, 
94, 0.272271363311, 
94, 0.39139008476, 
94, 0.414079365036, 
95, 0.363028484415, 
95, 0.36019232438, 
95, 0.351683844277, 
95, 0.340339204139, 
95, 0.294960643587, 
95, 0.266599043242, 
96, 0.374373124553, 
96, 0.408407044967, 
96, 0.317649923863, 
96, 0.306305283725, 
96, 0.311977603794, 
96, 0.289288323518, 
97, 0.232565122828, 
97, 0.232565122828, 
97, 0.226892802759, 
97, 0.170169602069, 
97, 0.158824961931, 
97, 0.204203522483, 
98, 0.215548162621, 
98, 0.22122048269, 
98, 0.238237442897, 
98, 0.249582083035, 
98, 0.266599043242, 
99, 0.283616003449, 
99, 0.328994564001, 
99, 0.374373124553, 
99, 0.385717764691, 
99, 0.408407044967, 
99, 0.385717764691, 
1e+02, 0.317649923863, 
1e+02, 0.33466688407, 
1e+02, 0.414079365036, 
1e+02, 0.49916416607, 
1e+02, 0.49916416607, 
1e+02, 0.450949445484, 
1e+02, 0.470802565725, 
1e+02, 0.544542726622, 
1e+02, 0.527525766415, 
1e+02, 0.493491846001, 
1e+02, 0.544542726622, 
1e+02, 0.536034246519, 
1e+02, 0.839503370209, 
1e+02, 0.805469449795, 
1e+02, 0.811141769864, 
1e+02, 0.805469449795, 
1e+02, 0.737401608968, 
1e+02, 0.567232006898, 
1e+02, 0.306305283725, 
1e+02, 0.102101761242, 
1e+02, 0.124791041518, 
1e+02, 0.0964294411727, 
1e+02, 0.0567232006898, 
1e+02, 0.0907571211037, 
1e+02, 0.0794124809657, 
1e+02, 0.0510508806208, 
1e+02, 0.0567232006898, 
1e+02, 0.0907571211037, 
1e+02, 0.0765763209313, 
1e+02, 0.0794124809657, 
1e+02, 0.124791041518, 
1e+02, 0.153152641863, 
1.1e+02, 0.170169602069, 
1.1e+02, 0.317649923863, 
1.1e+02, 0.374373124553, 
1.1e+02, 0.453785605519, 
1.1e+02, 0.55588736676, 
1.1e+02, 0.675006088209, 
1.1e+02, 0.703367688554, 
1.1e+02, 0.675006088209, 
1.1e+02, 0.635299847726, 
1.1e+02, 0.578576647036, 
1.1e+02, 0.55588736676, 
1.1e+02, 0.544542726622, 
1.1e+02, 0.487819525932, 
1.1e+02, 0.385717764691, 
1.1e+02, 0.215548162621, 
1.1e+02, 0.11344640138, 
1.1e+02, 0.0794124809657, 
1.1e+02, 0.153152641863, 
1.1e+02, 0.153152641863, 
1.1e+02, 0.204203522483, 
1.1e+02, 0.215548162621, 
1.1e+02, 0.283616003449, 
1.1e+02, 0.328994564001, 
1.1e+02, 0.39139008476, 
1.1e+02, 0.49916416607, 
1.1e+02, 0.652316807933, 
1.1e+02, 0.771435529381, 
1.1e+02, 0.805469449795, 
1.1e+02, 0.839503370209, 
1.1e+02, 0.845175690278, 
1.1e+02, 0.850848010347, 
1.1e+02, 0.300632963656, 
1.1e+02, 0.306305283725, 
1.1e+02, 0.805469449795, 
1.1e+02, 0.805469449795, 
1.1e+02, 0.805469449795, 
1.1e+02, 0.799797129726, 
1.1e+02, 0.794124809657, 
1.1e+02, 0.737401608968, 
1.1e+02, 0.618282887519, 
1.1e+02, 0.527525766415, 
1.1e+02, 0.504836486139, 
1.1e+02, 0.476474885794, 
1.1e+02, 0.340339204139, 
1.1e+02, 0.209875842552, 
1.1e+02, 0.153152641863, 
1.1e+02, 0.22122048269, 
1.1e+02, 0.22122048269, 
1.1e+02, 0.181514242207, 
1.1e+02, 0.198531202414, 
1.1e+02, 0.283616003449, 
1.1e+02, 0.306305283725, 
1.1e+02, 0.283616003449, 
1.1e+02, 0.266599043242, 
1.1e+02, 0.33466688407, 
1.1e+02, 0.44811328545, 
1.1e+02, 0.578576647036, 
1.1e+02, 0.692023048416, 
1.2e+02, 0.794124809657, 
1.2e+02, 0.839503370209, 
1.2e+02, 0.816814089933, 
1.2e+02, 0.675006088209, 
1.2e+02, 0.623955207588, 
1.2e+02, 0.663661448071, 
1.2e+02, 0.663661448071, 
1.2e+02, 0.578576647036, 
1.2e+02, 0.419751685105, 
1.2e+02, 0.255254403104, 
1.2e+02, 0.0680678408278, 
1.2e+02, 0.011344640138, 
1.2e+02, 0.11344640138, 
1.2e+02, 0.224056642725, 
1.2e+02, 0.215548162621, 
1.2e+02, 0.158824961931, 
1.2e+02, 0.181514242207, 
1.2e+02, 0.187186562276, 
1.2e+02, 0.181514242207, 
1.2e+02, 0.226892802759, 
1.2e+02, 0.215548162621, 
1.2e+02, 0.192858882345, 
1.2e+02, 0.147480321794, 
1.2e+02, 0.158824961931, 
1.2e+02, 0.136135681656, 
1.2e+02, 0.11344640138, 
1.2e+02, 0.192858882345, 
1.2e+02, 0.294960643587, 
1.2e+02, 0.328994564001, 
1.2e+02, 0.368700804484, 
1.2e+02, 0.465130245656, 
1.2e+02, 0.578576647036, 
1.2e+02, 0.686350728347, 
1.2e+02, 0.743073929037, 
1.2e+02, 0.805469449795, 
1.2e+02, 0.816814089933, 
1.2e+02, 0.822486410002, 
1.2e+02, 0.226892802759, 
1.2e+02, 0.238237442897, 
1.2e+02, 0.269435203277, 
1.2e+02, 0.862192650485, 
1.2e+02, 0.845175690278, 
1.2e+02, 0.760090889244, 
1.2e+02, 0.703367688554, 
1.2e+02, 0.709040008623, 
1.2e+02, 0.714712328692, 
1.2e+02, 0.709040008623, 
1.2e+02, 0.692023048416, 
1.2e+02, 0.646644487864, 
1.2e+02, 0.482147205863, 
1.2e+02, 0.294960643587, 
1.2e+02, 0.130463361587, 
1.2e+02, 0.0397062404829, 
1.2e+02, 0.158824961931, 
1.2e+02, 0.249582083035, 
1.2e+02, 0.226892802759, 
1.2e+02, 0.158824961931, 
1.3e+02, 0.119118721449, 
1.3e+02, 0.164497282, 
1.3e+02, 0.238237442897, 
1.3e+02, 0.204203522483, 
1.3e+02, 0.147480321794, 
1.3e+02, 0.0850848010347, 
1.3e+02, 0.158824961931, 
1.3e+02, 0.187186562276, 
1.3e+02, 0.204203522483, 
1.3e+02, 0.260926723173, 
1.3e+02, 0.374373124553, 
1.3e+02, 0.425424005174, 
1.3e+02, 0.425424005174, 
1.3e+02, 0.380045444622, 
1.3e+02, 0.397062404829, 
1.3e+02, 0.425424005174, 
1.3e+02, 0.414079365036, 
1.3e+02, 0.397062404829, 
1.3e+02, 0.419751685105, 
1.3e+02, 0.385717764691, 
1.3e+02, 0.260926723173, 
1.3e+02, 0.283616003449, 
1.3e+02, 0.317649923863, 
1.3e+02, 0.272271363311, 
1.3e+02, 0.317649923863, 
1.3e+02, 0.402734724898, 
1.3e+02, 0.357356164346, 
1.3e+02, 0.266599043242, 
1.3e+02, 0.306305283725, 
1.3e+02, 0.39139008476, 
1.3e+02, 0.408407044967, 
1.3e+02, 0.431096325243, 
1.3e+02, 0.442440965381, 
1.3e+02, 0.414079365036, 
1.3e+02, 0.419751685105, 
1.3e+02, 0.482147205863, 
1.3e+02, 0.544542726622, 
1.3e+02, 0.589921287174, 
1.3e+02, 0.578576647036, 
1.3e+02, 0.55588736676, 
1.3e+02, 0.476474885794, 
1.3e+02, 0.397062404829, 
1.3e+02, 0.33466688407, 
1.3e+02, 0.181514242207, 
1.3e+02, 0.136135681656, 
1.3e+02, 0.226892802759, 
1.3e+02, 0.260926723173, 
1.3e+02, 0.22122048269, 
1.3e+02, 0.158824961931, 
1.3e+02, 0.181514242207, 
1.3e+02, 0.226892802759, 
1.3e+02, 0.175841922138, 
1.3e+02, 0.178678082173, 
1.3e+02, 0.175841922138, 
1.3e+02, 0.198531202414, 
1.3e+02, 0.215548162621, 
1.3e+02, 0.170169602069, 
1.3e+02, 0.238237442897, 
1.4e+02, 0.323322243932, 
1.4e+02, 0.33466688407, 
1.4e+02, 0.380045444622, 
1.4e+02, 0.453785605519, 
1.4e+02, 0.521853446346, 
1.4e+02, 0.635299847726, 
1.4e+02, 0.720384648761, 
1.4e+02, 0.720384648761, 
1.4e+02, 0.646644487864, 
1.4e+02, 0.646644487864, 
1.4e+02, 0.657989128002, 
1.4e+02, 0.692023048416, 
1.4e+02, 0.675006088209, 
1.4e+02, 0.652316807933, 
1.4e+02, 0.601265927312, 
1.4e+02, 0.533198086484, 
1.4e+02, 0.408407044967, 
1.4e+02, 0.283616003449, 
1.4e+02, 0.283616003449, 
1.4e+02, 0.363028484415, 
1.4e+02, 0.351683844277, 
1.4e+02, 0.238237442897, 
1.4e+02, 0.238237442897, 
1.4e+02, 0.346011524208, 
1.4e+02, 0.340339204139, 
1.4e+02, 0.283616003449, 
1.4e+02, 0.306305283725, 
1.4e+02, 0.328994564001, 
1.4e+02, 0.328994564001, 
1.4e+02, 0.300632963656, 
1.4e+02, 0.340339204139, 
1.4e+02, 0.317649923863, 
1.4e+02, 0.283616003449, 
1.4e+02, 0.300632963656, 
1.4e+02, 0.300632963656, 
1.4e+02, 0.266599043242, 
1.4e+02, 0.317649923863, 
1.4e+02, 0.328994564001, 
1.4e+02, 0.283616003449, 
1.4e+02, 0.283616003449, 
1.4e+02, 0.374373124553, 
1.4e+02, 0.340339204139, 
1.4e+02, 0.238237442897, 
1.4e+02, 0.215548162621, 
1.4e+02, 0.170169602069, 
1.4e+02, 0.232565122828, 
1.4e+02, 0.249582083035, 
1.4e+02, 0.306305283725, 
1.4e+02, 0.374373124553, 
1.4e+02, 0.380045444622, 
1.4e+02, 0.436768645312, 
1.4e+02, 0.504836486139, 
1.4e+02, 0.544542726622, 
1.4e+02, 0.567232006898, 
1.4e+02, 0.584248967105, 
1.4e+02, 0.55588736676, 
1.4e+02, 0.572904326967, 
1.5e+02, 0.606938247381, 
1.5e+02, 0.550215046691, 
1.5e+02, 0.425424005174, 
1.5e+02, 0.340339204139, 
1.5e+02, 0.22122048269, 
1.5e+02, 0.238237442897, 
1.5e+02, 0.300632963656, 
1.5e+02, 0.232565122828, 
1.5e+02, 0.198531202414, 
1.5e+02, 0.306305283725, 
1.5e+02, 0.283616003449, 
1.5e+02, 0.204203522483, 
1.5e+02, 0.192858882345, 
1.5e+02, 0.215548162621, 
1.5e+02, 0.170169602069, 
1.5e+02, 0.232565122828, 
1.5e+02, 0.294960643587, 
1.5e+02, 0.351683844277, 
1.5e+02, 0.357356164346, 
1.5e+02, 0.425424005174, 
1.5e+02, 0.476474885794, 
1.5e+02, 0.533198086484, 
1.5e+02, 0.567232006898, 
1.5e+02, 0.589921287174, 
1.5e+02, 0.601265927312, 
1.5e+02, 0.584248967105, 
1.5e+02, 0.533198086484, 
1.5e+02, 0.465130245656, 
1.5e+02, 0.346011524208, 
1.5e+02, 0.283616003449, 
1.5e+02, 0.238237442897, 
1.5e+02, 0.238237442897, 
1.5e+02, 0.27794368338, 
1.5e+02, 0.363028484415, 
1.5e+02, 0.363028484415, 
1.5e+02, 0.323322243932, 
1.5e+02, 0.363028484415, 
1.5e+02, 0.328994564001, 
1.5e+02, 0.357356164346, 
1.5e+02, 0.306305283725, 
1.5e+02, 0.289288323518, 
1.5e+02, 0.357356164346, 
1.5e+02, 0.306305283725, 
1.5e+02, 0.357356164346, 
1.5e+02, 0.300632963656, 
1.5e+02, 0.255254403104, 
1.5e+02, 0.260926723173, 
1.5e+02, 0.215548162621, 
1.5e+02, 0.266599043242, 
1.5e+02, 0.226892802759, 
1.5e+02, 0.215548162621, 
1.5e+02, 0.249582083035, 
1.5e+02, 0.311977603794, 
1.5e+02, 0.255254403104, 
1.5e+02, 0.323322243932, 
1.5e+02, 0.408407044967, 
1.5e+02, 0.425424005174, 
1.5e+02, 0.431096325243, 
1.6e+02, 0.510508806208, 
1.6e+02, 0.601265927312, 
1.6e+02, 0.66933376814, 
1.6e+02, 0.72605696883, 
1.6e+02, 0.720384648761, 
1.6e+02, 0.743073929037, 
1.6e+02, 0.782780169519, 
1.6e+02, 0.799797129726, 
1.6e+02, 0.788452489588, 
1.6e+02, 0.771435529381, 
1.6e+02, 0.72605696883, 
1.6e+02, 0.657989128002, 
1.6e+02, 0.629627527657, 
1.6e+02, 0.646644487864, 
1.6e+02, 0.686350728347, 
1.6e+02, 0.657989128002, 
1.6e+02, 0.657989128002, 
1.6e+02, 0.672169928174, 
1.6e+02, 0.567232006898, 
1.6e+02, 0.408407044967, 
1.6e+02, 0.204203522483, 
1.6e+02, 0.130463361587, 
1.6e+02, 0.158824961931, 
1.6e+02, 0.130463361587, 
1.6e+02, 0.11344640138, 
1.6e+02, 0.119118721449, 
1.6e+02, 0.11344640138, 
1.6e+02, 0.136135681656, 
1.6e+02, 0.130463361587, 
1.6e+02, 0.0907571211037, 
1.6e+02, 0.124791041518, 
1.6e+02, 0.158824961931, 
1.6e+02, 0.124791041518, 
1.6e+02, 0.136135681656, 
1.6e+02, 0.11344640138, 
1.6e+02, 0.0680678408278, 
1.6e+02, 0.0765763209313, 
1.6e+02, 0.107774081311, 
1.6e+02, 0.0794124809657, 
1.6e+02, 0.130463361587, 
1.6e+02, 0.164497282, 
1.6e+02, 0.198531202414, 
1.6e+02, 0.215548162621, 
1.6e+02, 0.283616003449, 
1.6e+02, 0.368700804484, 
1.6e+02, 0.39139008476, 
1.6e+02, 0.419751685105, 
1.6e+02, 0.482147205863, 
1.6e+02, 0.601265927312, 
1.6e+02, 0.697695368485, 
1.6e+02, 0.703367688554, 
1.6e+02, 0.686350728347, 
1.6e+02, 0.737401608968, 
1.6e+02, 0.714712328692, 
1.6e+02, 0.675006088209, 
1.6e+02, 0.652316807933, 
1.6e+02, 0.578576647036, 
1.7e+02, 0.504836486139, 
1.7e+02, 0.414079365036, 
1.7e+02, 0.249582083035, 
1.7e+02, 0.164497282, 
1.7e+02, 0.209875842552, 
1.7e+02, 0.204203522483, 
1.7e+02, 0.136135681656, 
1.7e+02, 0.22122048269, 
1.7e+02, 0.238237442897, 
1.7e+02, 0.243909762966, 
1.7e+02, 0.289288323518, 
1.7e+02, 0.368700804484, 
1.7e+02, 0.306305283725, 
1.7e+02, 0.255254403104, 
1.7e+02, 0.306305283725, 
1.7e+02, 0.385717764691, 
1.7e+02, 0.459457925588, 
1.7e+02, 0.55588736676, 
1.7e+02, 0.646644487864, 
1.7e+02, 0.680678408278, 
1.7e+02, 0.692023048416, 
1.7e+02, 0.714712328692, 
1.7e+02, 0.66933376814, 
1.7e+02, 0.646644487864, 
1.7e+02, 0.652316807933, 
1.7e+02, 0.652316807933, 
1.7e+02, 0.601265927312, 
1.7e+02, 0.567232006898, 
1.7e+02, 0.550215046691, 
1.7e+02, 0.493491846001, 
1.7e+02, 0.397062404829, 
1.7e+02, 0.33466688407, 
1.7e+02, 0.283616003449, 
1.7e+02, 0.260926723173, 
1.7e+02, 0.340339204139, 
1.7e+02, 0.351683844277, 
1.7e+02, 0.328994564001, 
1.7e+02, 0.294960643587, 
1.7e+02, 0.328994564001, 
1.7e+02, 0.294960643587, 
1.7e+02, 0.294960643587, 
1.7e+02, 0.249582083035, 
1.7e+02, 0.255254403104, 
1.7e+02, 0.272271363311, 
1.7e+02, 0.328994564001, 
1.7e+02, 0.351683844277, 
1.7e+02, 0.300632963656, 
1.7e+02, 0.36019232438, 
1.7e+02, 0.44811328545, 
1.7e+02, 0.487819525932, 
1.7e+02, 0.533198086484, 
1.7e+02, 0.606938247381, 
1.7e+02, 0.652316807933, 
1.7e+02, 0.697695368485, 
1.7e+02, 0.675006088209, 
1.7e+02, 0.640972167795, 
1.7e+02, 0.663661448071, 
1.7e+02, 0.623955207588, 
1.8e+02, 0.61261056745, 
1.8e+02, 0.635299847726, 
1.8e+02, 0.61261056745, 
1.8e+02, 0.589921287174, 
1.8e+02, 0.606938247381, 
1.8e+02, 0.567232006898, 
1.8e+02, 0.408407044967, 
1.8e+02, 0.266599043242, 
1.8e+02, 0.0907571211037, 
1.8e+02, 0.107774081311, 
1.8e+02, 0.226892802759, 
1.8e+02, 0.249582083035, 
1.8e+02, 0.232565122828, 
1.8e+02, 0.283616003449, 
1.8e+02, 0.323322243932, 
1.8e+02, 0.328994564001, 
1.8e+02, 0.328994564001, 
1.8e+02, 0.323322243932, 
1.8e+02, -0.431096325243, 
1.8e+02, -0.487819525932, 
1.8e+02, -0.516181126277, 
1.8e+02, -0.544542726622, 
1.8e+02, -0.578576647036, 
1.8e+02, -0.675006088209, 
1.8e+02, -0.692023048416, 
1.8e+02, 0.589921287174, 
1.8e+02, 0.61261056745, 
1.8e+02, 0.61261056745, 
1.8e+02, 0.601265927312, 
1.8e+02, -0.533198086484, 
1.8e+02, -0.482147205863, 
1.8e+02, 0.703367688554, 
1.8e+02, 0.66933376814, 
1.8e+02, 0.675006088209, 
1.8e+02, -0.414079365036, 
1.8e+02, -0.371536964518, 
1.8e+02, -0.323322243932, 
1.8e+02, -0.306305283725, 
1.8e+02, -0.27794368338, 
1.8e+02, -0.243909762966, 
1.8e+02, -0.207039682518, 
1.8e+02, -0.164497282, 
1.8e+02, -0.124791041518, 
1.8e+02, -0.0737401608968, 
1.8e+02, -0.0283616003449, 
1.8e+02, 0.0283616003449, 
1.8e+02, 0.0737401608968, 
1.8e+02, 0.11344640138, 
1.8e+02, 0.158824961931, 
1.8e+02, 0.204203522483, 
1.8e+02, 0.232565122828, 
1.8e+02, 0.27794368338, 
1.8e+02, 0.306305283725, 
1.8e+02, 0.351683844277, 
1.8e+02, 0.397062404829, 
1.8e+02, 0.44811328545, 
1.8e+02, 0.504836486139, 
1.8e+02, 0.55588736676, 
1.9e+02, 0.550215046691, 
1.9e+02, 0.55588736676, 
1.9e+02, 0.578576647036, 
1.9e+02, 0.604102087347, 
1.9e+02, 0.527525766415, 
1.9e+02, 0.425424005174, 
1.9e+02, 0.839503370209, 
1.9e+02, 0.850848010347, 
1.9e+02, 0.850848010347, 
1.9e+02, 0.816814089933, 
1.9e+02, 0.760090889244, 
1.9e+02, 0.737401608968, 
1.9e+02, 0.66933376814, 
1.9e+02, 0.666497608105, 
1.9e+02, 0.578576647036, 
1.9e+02, 0.465130245656, 
1.9e+02, 0.306305283725, 
1.9e+02, 0.170169602069, 
1.9e+02, 0.175841922138, 
1.9e+02, 0.124791041518, 
1.9e+02, 0.181514242207, 
1.9e+02, 0.158824961931, 
1.9e+02, 0.153152641863, 
1.9e+02, 0.249582083035, 
1.9e+02, 0.306305283725, 
1.9e+02, 0.346011524208, 
1.9e+02, 0.385717764691, 
1.9e+02, 0.414079365036, 
1.9e+02, 0.431096325243, 
1.9e+02, 0.442440965381, 
1.9e+02, 0.459457925588, 
1.9e+02, 0.544542726622, 
1.9e+02, 0.606938247381, 
1.9e+02, 0.66933376814, 
1.9e+02, 0.686350728347, 
1.9e+02, 0.675006088209, 
1.9e+02, 0.629627527657, 
1.9e+02, 0.578576647036, 
1.9e+02, 0.663661448071, 
1.9e+02, 0.601265927312, 
1.9e+02, 0.55588736676, 
1.9e+02, 0.675006088209, 
1.9e+02, 0.629627527657, 
1.9e+02, 0.470802565725, 
1.9e+02, 0.419751685105, 
1.9e+02, 0.368700804484, 
1.9e+02, 0.204203522483, 
1.9e+02, 0.147480321794, 
1.9e+02, 0.238237442897, 
1.9e+02, 0.249582083035, 
1.9e+02, 0.283616003449, 
1.9e+02, 0.374373124553, 
1.9e+02, 0.39139008476, 
1.9e+02, 0.368700804484, 
1.9e+02, 0.340339204139, 
1.9e+02, 0.340339204139, 
1.9e+02, 0.431096325243, 
2e+02, 0.425424005174, 
2e+02, 0.397062404829, 
2e+02, 0.351683844277, 
2e+02, 0.397062404829, 
2e+02, 0.510508806208, 
2e+02, 0.635299847726, 
2e+02, 0.697695368485, 
2e+02, 0.652316807933, 
2e+02, 0.623955207588, 
2e+02, 0.63813600776, 
2e+02, 0.680678408278, 
2e+02, 0.635299847726, 
2e+02, 0.487819525932, 
2e+02, 0.297796803622, 
2e+02, 0.102101761242, 
2e+02, 0.147480321794, 
2e+02, 0.215548162621, 
2e+02, 0.238237442897, 
2e+02, 0.215548162621, 
2e+02, 0.249582083035, 
2e+02, 0.33466688407, 
2e+02, 0.351683844277, 
2e+02, 0.33466688407, 
2e+02, 0.317649923863, 
2e+02, 0.306305283725, 
2e+02, 0.317649923863, 
2e+02, 0.374373124553, 
2e+02, 0.39139008476, 
2e+02, 0.442440965381, 
2e+02, 0.55588736676, 
2e+02, 0.663661448071, 
2e+02, 0.714712328692, 
2e+02, 0.779944009485, 
2e+02, 0.822486410002, 
2e+02, 0.816814089933, 
2e+02, 0.657989128002, 
2e+02, 0.595593607243, 
2e+02, 0.589921287174, 
2e+02, 0.675006088209, 
2e+02, 0.61261056745, 
2e+02, 0.44811328545, 
2e+02, 0.283616003449, 
2e+02, 0.0680678408278, 
2e+02, 0.0283616003449, 
2e+02, 0.119118721449, 
2e+02, 0.181514242207, 
2e+02, 0.209875842552, 
2e+02, 0.226892802759, 
2e+02, 0.232565122828, 
2e+02, 0.317649923863, 
2e+02, 0.419751685105, 
2e+02, 0.436768645312, 
2e+02, 0.419751685105, 
2e+02, 0.408407044967, 
2e+02, 0.408407044967, 
2e+02, 0.397062404829, 
2e+02, 0.425424005174, 
2e+02, 0.516181126277, 
2.1e+02, 0.61261056745, 
2.1e+02, 0.686350728347, 
2.1e+02, 0.703367688554, 
2.1e+02, 0.657989128002, 
2.1e+02, 0.635299847726, 
2.1e+02, 0.675006088209, 
2.1e+02, 0.675006088209, 
2.1e+02, 0.629627527657, 
2.1e+02, 0.646644487864, 
2.1e+02, 0.794124809657, 
2.1e+02, 0.779944009485, 
2.1e+02, 0.723220808795, 
2.1e+02, 0.680678408278, 
2.1e+02, 0.623955207588, 
2.1e+02, 0.714712328692, 
2.1e+02, 0.709040008623, 
2.1e+02, 0.652316807933, 
2.1e+02, 0.788452489588, 
2.1e+02, 0.771435529381, 
2.1e+02, 0.720384648761, 
2.1e+02, 0.839503370209, 
2.1e+02, 0.839503370209, 
2.1e+02, 0.652316807933, 
2.1e+02, 0.527525766415, 
2.1e+02, 0.425424005174, 
2.1e+02, 0.246745923001, 
2.1e+02, 0.0283616003449, 
2.1e+02, -0.0226892802759, 
2.1e+02, 0.107774081311, 
2.1e+02, 0.147480321794, 
2.1e+02, 0.198531202414, 
2.1e+02, 0.175841922138, 
2.1e+02, 0.107774081311, 
2.1e+02, 0.119118721449, 
2.1e+02, 0.209875842552, 
2.1e+02, 0.266599043242, 
2.1e+02, 0.266599043242, 
2.1e+02, 0.283616003449, 
2.1e+02, 0.323322243932, 
2.1e+02, 0.380045444622, 
2.1e+02, 0.408407044967, 
2.1e+02, 0.374373124553, 
2.1e+02, 0.385717764691, 
2.1e+02, 0.414079365036, 
2.1e+02, 0.431096325243, 
2.1e+02, 0.465130245656, 
2.1e+02, 0.484983365898, 
2.1e+02, 0.521853446346, 
2.1e+02, 0.527525766415, 
2.1e+02, 0.487819525932, 
2.1e+02, 0.527525766415, 
2.1e+02, 0.61261056745, 
2.1e+02, 0.646644487864, 
2.1e+02, 0.683514568312, 
2.1e+02, 0.703367688554, 
2.1e+02, 0.657989128002, 
2.1e+02, 0.646644487864, 
2.2e+02, 0.640972167795, 
2.2e+02, 0.640972167795, 
2.2e+02, 0.646644487864, 
2.2e+02, 0.49916416607, 
2.2e+02, 0.363028484415, 
2.2e+02, 0.283616003449, 
2.2e+02, 0.11344640138, 
2.2e+02, 0.0170169602069, 
2.2e+02, 0.0907571211037, 
2.2e+02, 0.170169602069, 
2.2e+02, 0.181514242207, 
2.2e+02, 0.158824961931, 
2.2e+02, 0.187186562276, 
2.2e+02, 0.272271363311, 
2.2e+02, 0.289288323518, 
2.2e+02, 0.294960643587, 
2.2e+02, 0.337503044104, 
2.2e+02, 0.340339204139, 
2.2e+02, 0.323322243932, 
2.2e+02, 0.385717764691, 
2.2e+02, 0.450949445484, 
2.2e+02, 0.510508806208, 
2.2e+02, 0.572904326967, 
2.2e+02, 0.589921287174, 
2.2e+02, 0.686350728347, 
2.2e+02, 0.646644487864, 
2.2e+02, 0.635299847726, 
2.2e+02, 0.584248967105, 
2.2e+02, 0.561559686829, 
2.2e+02, 0.589921287174, 
2.2e+02, 0.550215046691, 
2.2e+02, 0.442440965381, 
2.2e+02, 0.311977603794, 
2.2e+02, 0.170169602069, 
2.2e+02, 0.136135681656, 
2.2e+02, 0.204203522483, 
2.2e+02, 0.215548162621, 
2.2e+02, 0.198531202414, 
2.2e+02, 0.238237442897, 
2.2e+02, 0.232565122828, 
2.2e+02, 0.243909762966, 
2.2e+02, 0.249582083035, 
2.2e+02, 0.204203522483, 
2.2e+02, 0.238237442897, 
2.2e+02, 0.346011524208, 
2.2e+02, 0.380045444622, 
2.2e+02, 0.374373124553, 
2.2e+02, 0.402734724898, 
2.2e+02, 0.385717764691, 
2.2e+02, 0.397062404829, 
2.2e+02, 0.470802565725, 
2.2e+02, 0.521853446346, 
2.2e+02, 0.646644487864, 
2.2e+02, 0.686350728347, 
2.2e+02, 0.652316807933, 
2.2e+02, 0.646644487864, 
2.2e+02, 0.61261056745, 
2.2e+02, 0.595593607243, 
2.3e+02, 0.578576647036, 
2.3e+02, 0.487819525932, 
2.3e+02, 0.351683844277, 
2.3e+02, 0.232565122828, 
2.3e+02, 0.198531202414, 
2.3e+02, 0.226892802759, 
2.3e+02, 0.243909762966, 
2.3e+02, 0.209875842552, 
2.3e+02, 0.272271363311, 
2.3e+02, 0.311977603794, 
2.3e+02, 0.294960643587, 
2.3e+02, 0.306305283725, 
2.3e+02, 0.283616003449, 
2.3e+02, 0.300632963656, 
2.3e+02, 0.33466688407, 
2.3e+02, 0.346011524208, 
2.3e+02, 0.351683844277, 
2.3e+02, 0.380045444622, 
2.3e+02, 0.357356164346, 
2.3e+02, 0.368700804484, 
2.3e+02, 0.419751685105, 
2.3e+02, 0.411243205001, 
2.3e+02, 0.363028484415, 
2.3e+02, 0.354520004311, 
2.3e+02, 0.363028484415, 
2.3e+02, 0.340339204139, 
2.3e+02, 0.294960643587, 
2.3e+02, 0.340339204139, 
2.3e+02, 0.357356164346, 
2.3e+02, 0.27794368338, 
2.3e+02, 0.283616003449, 
2.3e+02, 0.340339204139, 
2.3e+02, 0.317649923863, 
2.3e+02, 0.357356164346, 
2.3e+02, 0.363028484415, 
2.3e+02, 0.385717764691, 
2.3e+02, 0.453785605519, 
2.3e+02, 0.538870406553, 
2.3e+02, 0.527525766415, 
2.3e+02, 0.516181126277, 
2.3e+02, 0.533198086484, 
2.3e+02, 0.595593607243, 
2.3e+02, 0.623955207588, 
2.3e+02, 0.589921287174, 
2.3e+02, 0.533198086484, 
2.3e+02, 0.44811328545, 
2.3e+02, 0.346011524208, 
2.3e+02, 0.215548162621, 
2.3e+02, 0.164497282, 
2.3e+02, 0.226892802759, 
2.3e+02, 0.226892802759, 
2.3e+02, 0.198531202414, 
2.3e+02, 0.170169602069, 
2.3e+02, 0.215548162621, 
2.3e+02, 0.306305283725, 
2.3e+02, 0.328994564001, 
2.3e+02, 0.340339204139, 
2.3e+02, 0.374373124553, 
2.4e+02, 0.328994564001, 
2.4e+02, 0.363028484415, 
2.4e+02, 0.459457925588, 
2.4e+02, 0.516181126277, 
2.4e+02, 0.49916416607, 
2.4e+02, 0.516181126277, 
2.4e+02, 0.553051206726, 
2.4e+02, 0.61261056745, 
2.4e+02, 0.567232006898, 
2.4e+02, 0.521853446346, 
2.4e+02, 0.567232006898, 
2.4e+02, 0.521853446346, 
2.4e+02, 0.414079365036, 
2.4e+02, 0.306305283725, 
2.4e+02, 0.187186562276, 
2.4e+02, 0.192858882345, 
2.4e+02, 0.241073602932, 
2.4e+02, 0.255254403104, 
2.4e+02, 0.215548162621, 
2.4e+02, 0.249582083035, 
2.4e+02, 0.226892802759, 
2.4e+02, 0.22122048269, 
2.4e+02, 0.272271363311, 
2.4e+02, 0.292124483553, 
2.4e+02, 0.323322243932, 
2.4e+02, 0.408407044967, 
2.4e+02, 0.397062404829, 
2.4e+02, 0.340339204139, 
2.4e+02, 0.385717764691, 
2.4e+02, 0.425424005174, 
2.4e+02, 0.504836486139, 
2.4e+02, 0.550215046691, 
2.4e+02, 0.538870406553, 
2.4e+02, 0.544542726622, 
2.4e+02, 0.493491846001, 
2.4e+02, 0.419751685105, 
2.4e+02, 0.340339204139, 
2.4e+02, 0.294960643587, 
2.4e+02, 0.27794368338, 
2.4e+02, 0.289288323518, 
2.4e+02, 0.283616003449, 
2.4e+02, 0.226892802759, 
2.4e+02, 0.226892802759, 
2.4e+02, 0.314813763828, 
2.4e+02, 0.328994564001, 
2.4e+02, 0.340339204139, 
2.4e+02, 0.368700804484, 
2.4e+02, 0.397062404829, 
2.4e+02, 0.516181126277, 
2.4e+02, 0.561559686829, 
2.4e+02, 0.584248967105, 
2.4e+02, 0.589921287174, 
2.4e+02, 0.606938247381, 
2.4e+02, 0.640972167795, 
2.4e+02, 0.680678408278, 
2.4e+02, 0.692023048416, 
2.4e+02, 0.66933376814, 
2.5e+02, 0.640972167795, 
2.5e+02, 0.765763209313, 
2.5e+02, 0.714712328692, 
2.5e+02, 0.660825288036, 
2.5e+02, 0.754418569175, 
2.5e+02, 0.646644487864, 
2.5e+02, 0.589921287174, 
2.5e+02, 0.680678408278, 
2.5e+02, 0.66933376814, 
2.5e+02, 0.675006088209, 
2.5e+02, 0.652316807933, 
2.5e+02, 0.629627527657, 
2.5e+02, 0.72605696883, 
2.5e+02, 0.623955207588, 
2.5e+02, 0.510508806208, 
2.5e+02, 0.493491846001, 
2.5e+02, 0.414079365036, 
2.5e+02, 0.311977603794, 
2.5e+02, 0.266599043242, 
2.5e+02, 0.294960643587, 
2.5e+02, 0.266599043242, 
2.5e+02, 0.204203522483, 
2.5e+02, 0.204203522483, 
2.5e+02, 0.266599043242, 
2.5e+02, 0.294960643587, 
2.5e+02, 0.294960643587, 
2.5e+02, 0.340339204139, 
2.5e+02, 0.306305283725, 
2.5e+02, 0.328994564001, 
2.5e+02, 0.346011524208, 
2.5e+02, 0.346011524208, 
2.5e+02, 0.374373124553, 
2.5e+02, 0.436768645312, 
2.5e+02, 0.521853446346, 
2.5e+02, 0.572904326967, 
2.5e+02, 0.640972167795, 
2.5e+02, 0.692023048416, 
2.5e+02, 0.66933376814, 
2.5e+02, 0.635299847726, 
2.5e+02, 0.61261056745, 
2.5e+02, 0.572904326967, 
2.5e+02, 0.601265927312, 
2.5e+02, 0.578576647036, 
2.5e+02, 0.527525766415, 
2.5e+02, 0.476474885794, 
2.5e+02, 0.397062404829, 
2.5e+02, 0.306305283725, 
2.5e+02, 0.192858882345, 
2.5e+02, 0.153152641863, 
2.5e+02, 0.204203522483, 
2.5e+02, 0.266599043242, 
2.5e+02, 0.226892802759, 
2.5e+02, 0.158824961931, 
2.5e+02, 0.164497282, 
2.5e+02, 0.164497282, 
2.5e+02, 0.107774081311, 
2.5e+02, 0.153152641863, 
2.5e+02, 0.170169602069, 
2.6e+02, 0.204203522483, 
2.6e+02, 0.232565122828, 
2.6e+02, 0.249582083035, 
2.6e+02, 0.306305283725, 
2.6e+02, 0.363028484415, 
2.6e+02, 0.363028484415, 
2.6e+02, 0.402734724898, 
2.6e+02, 0.465130245656, 
2.6e+02, 0.493491846001, 
2.6e+02, 0.538870406553, 
2.6e+02, 0.623955207588, 
2.6e+02, 0.601265927312, 
2.6e+02, 0.623955207588, 
2.6e+02, 0.589921287174, 
2.6e+02, 0.521853446346, 
2.6e+02, 0.453785605519, 
2.6e+02, 0.39139008476, 
2.6e+02, 0.294960643587, 
2.6e+02, 0.198531202414, 
2.6e+02, 0.22122048269, 
2.6e+02, 0.340339204139, 
2.6e+02, 0.311977603794, 
2.6e+02, 0.255254403104, 
2.6e+02, 0.303469123691, 
2.6e+02, 0.306305283725, 
2.6e+02, 0.351683844277, 
2.6e+02, 0.397062404829, 
2.6e+02, 0.380045444622, 
2.6e+02, 0.351683844277, 
2.6e+02, 0.317649923863, 
2.6e+02, 0.363028484415, 
2.6e+02, 0.431096325243, 
2.6e+02, 0.453785605519, 
2.6e+02, 0.453785605519, 
2.6e+02, 0.39139008476, 
2.6e+02, 0.363028484415, 
2.6e+02, 0.374373124553, 
2.6e+02, 0.368700804484, 
2.6e+02, 0.260926723173, 
2.6e+02, 0.260926723173, 
2.6e+02, 0.351683844277, 
2.6e+02, 0.351683844277, 
2.6e+02, 0.317649923863, 
2.6e+02, 0.328994564001, 
2.6e+02, 0.380045444622, 
2.6e+02, 0.414079365036, 
2.6e+02, 0.442440965381, 
2.6e+02, 0.470802565725, 
2.6e+02, 0.476474885794, 
2.6e+02, 0.39139008476, 
2.6e+02, 0.27794368338, 
2.6e+02, 0.226892802759, 
2.6e+02, 0.249582083035, 
2.6e+02, 0.27794368338, 
2.6e+02, 0.249582083035, 
2.6e+02, 0.238237442897, 
2.6e+02, 0.22122048269, 
2.6e+02, 0.238237442897, 
2.7e+02, 0.300632963656, 
2.7e+02, 0.306305283725, 
2.7e+02, 0.255254403104, 
2.7e+02, 0.294960643587, 
2.7e+02, 0.351683844277, 
2.7e+02, 0.314813763828, 
2.7e+02, 0.323322243932, 
2.7e+02, 0.351683844277, 
2.7e+02, 0.326158403966, 
2.7e+02, 0.317649923863, 
2.7e+02, 0.328994564001, 
2.7e+02, 0.357356164346, 
2.7e+02, 0.397062404829, 
2.7e+02, 0.436768645312, 
2.7e+02, 0.470802565725, 
2.7e+02, 0.49916416607, 
2.7e+02, 0.507672646174, 
2.7e+02, 0.470802565725, 
2.7e+02, 0.425424005174, 
2.7e+02, 0.374373124553, 
2.7e+02, 0.340339204139, 
2.7e+02, 0.294960643587, 
2.7e+02, 0.289288323518, 
2.7e+02, 0.300632963656, 
2.7e+02, 0.328994564001, 
2.7e+02, 0.283616003449, 
2.7e+02, 0.258090563139, 
2.7e+02, 0.266599043242, 
2.7e+02, 0.351683844277, 
2.7e+02, 0.374373124553, 
2.7e+02, 0.340339204139, 
2.7e+02, 0.340339204139, 
2.7e+02, 0.323322243932, 
2.7e+02, 0.306305283725, 
2.7e+02, 0.306305283725, 
2.7e+02, 0.397062404829, 
2.7e+02, 0.402734724898, 
2.7e+02, 0.328994564001, 
2.7e+02, 0.33466688407, 
2.7e+02, 0.39139008476, 
2.7e+02, 0.385717764691, 
2.7e+02, 0.402734724898, 
2.7e+02, 0.363028484415, 
2.7e+02, 0.351683844277, 
2.7e+02, 0.380045444622, 
2.7e+02, 0.419751685105, 
2.7e+02, 0.357356164346, 
2.7e+02, 0.294960643587, 
2.7e+02, 0.340339204139, 
2.7e+02, 0.39139008476, 
2.7e+02, 0.306305283725, 
2.7e+02, 0.283616003449, 
2.7e+02, 0.351683844277, 
2.7e+02, 0.351683844277, 
2.7e+02, 0.266599043242, 
2.7e+02, 0.260926723173, 
2.7e+02, 0.249582083035, 
2.8e+02, 0.314813763828, 
2.8e+02, 0.351683844277, 
2.8e+02, 0.357356164346, 
2.8e+02, 0.385717764691, 
2.8e+02, 0.346011524208, 
2.8e+02, 0.385717764691, 
2.8e+02, 0.363028484415, 
2.8e+02, 0.374373124553, 
2.8e+02, 0.397062404829, 
2.8e+02, 0.351683844277, 
2.8e+02, 0.323322243932, 
2.8e+02, 0.289288323518, 
2.8e+02, 0.243909762966, 
2.8e+02, 0.272271363311, 
2.8e+02, 0.260926723173, 
2.8e+02, 0.218384322656, 
2.8e+02, 0.260926723173, 
2.8e+02, 0.323322243932, 
2.8e+02, 0.33466688407, 
2.8e+02, 0.340339204139, 
2.8e+02, 0.363028484415, 
2.8e+02, 0.328994564001, 
2.8e+02, 0.294960643587, 
2.8e+02, 0.351683844277, 
2.8e+02, 0.408407044967, 
2.8e+02, 0.39139008476, 
2.8e+02, 0.351683844277, 
2.8e+02, 0.385717764691, 
2.8e+02, 0.425424005174, 
2.8e+02, 0.450949445484, 
2.8e+02, 0.49916416607, 
2.8e+02, 0.550215046691, 
2.8e+02, 0.589921287174, 
2.8e+02, 0.589921287174, 
2.8e+02, 0.536034246519, 
2.8e+02, 0.572904326967, 
2.8e+02, 0.572904326967, 
2.8e+02, 0.419751685105, 
2.8e+02, 0.294960643587, 
2.8e+02, 0.175841922138, 
2.8e+02, 0.147480321794, 
2.8e+02, 0.187186562276, 
2.8e+02, 0.249582083035, 
2.8e+02, 0.266599043242, 
2.8e+02, 0.158824961931, 
2.8e+02, 0.147480321794, 
2.8e+02, 0.124791041518, 
2.8e+02, 0.187186562276, 
2.8e+02, 0.238237442897, 
2.8e+02, 0.255254403104, 
2.8e+02, 0.232565122828, 
2.8e+02, 0.300632963656, 
2.8e+02, 0.380045444622, 
2.8e+02, 0.402734724898, 
2.8e+02, 0.374373124553, 
2.8e+02, 0.351683844277, 
2.8e+02, 0.374373124553, 
2.8e+02, 0.363028484415, 
2.9e+02, 0.363028484415, 
2.9e+02, 0.425424005174, 
2.9e+02, 0.442440965381, 
2.9e+02, 0.487819525932, 
2.9e+02, 0.567232006898, 
2.9e+02, 0.55588736676, 
2.9e+02, 0.572904326967, 
2.9e+02, 0.516181126277, 
2.9e+02, 0.521853446346, 
2.9e+02, 0.527525766415, 
2.9e+02, 0.538870406553, 
2.9e+02, 0.431096325243, 
2.9e+02, 0.294960643587, 
2.9e+02, 0.158824961931, 
2.9e+02, 0.0453785605519, 
2.9e+02, 0.0510508806208, 
2.9e+02, 0.136135681656, 
2.9e+02, 0.130463361587, 
2.9e+02, 0.130463361587, 
2.9e+02, 0.158824961931, 
2.9e+02, 0.175841922138, 
2.9e+02, 0.192858882345, 
2.9e+02, 0.294960643587, 
2.9e+02, 0.346011524208, 
2.9e+02, 0.260926723173, 
2.9e+02, 0.266599043242, 
2.9e+02, 0.368700804484, 
2.9e+02, 0.348847684242, 
2.9e+02, 0.374373124553, 
2.9e+02, 0.357356164346, 
2.9e+02, 0.317649923863, 
2.9e+02, 0.363028484415, 
2.9e+02, 0.363028484415, 
2.9e+02, 0.351683844277, 
2.9e+02, 0.385717764691, 
2.9e+02, 0.380045444622, 
2.9e+02, 0.351683844277, 
2.9e+02, 0.357356164346, 
2.9e+02, 0.300632963656, 
2.9e+02, 0.266599043242, 
2.9e+02, 0.351683844277, 
2.9e+02, 0.402734724898, 
2.9e+02, 0.272271363311, 
2.9e+02, 0.226892802759, 
2.9e+02, 0.27794368338, 
2.9e+02, 0.306305283725, 
2.9e+02, 0.294960643587, 
2.9e+02, 0.33466688407, 
2.9e+02, 0.371536964518, 
2.9e+02, 0.405570884932, 
2.9e+02, 0.402734724898, 
2.9e+02, 0.425424005174, 
2.9e+02, 0.351683844277, 
2.9e+02, 0.351683844277, 
2.9e+02, 0.357356164346, 
2.9e+02, 0.431096325243, 
2.9e+02, 0.470802565725, 
2.9e+02, 0.504836486139, 
3e+02, 0.584248967105, 
3e+02, 0.618282887519, 
3e+02, 0.550215046691, 
3e+02, 0.519017286312, 
3e+02, 0.510508806208, 
3e+02, 0.39139008476, 
3e+02, 0.408407044967, 
3e+02, 0.340339204139, 
3e+02, 0.249582083035, 
3e+02, 0.260926723173, 
3e+02, 0.294960643587, 
3e+02, 0.238237442897, 
3e+02, 0.141808001725, 
3e+02, 0.136135681656, 
3e+02, 0.181514242207, 
3e+02, 0.181514242207, 
3e+02, 0.170169602069, 
3e+02, 0.198531202414, 
3e+02, 0.226892802759, 
3e+02, 0.204203522483, 
3e+02, 0.153152641863, 
3e+02, 0.147480321794, 
3e+02, 0.170169602069, 
3e+02, 0.198531202414, 
3e+02, 0.22122048269, 
3e+02, 0.238237442897, 
3e+02, 0.272271363311, 
3e+02, 0.272271363311, 
3e+02, 0.328994564001, 
3e+02, 0.408407044967, 
3e+02, 0.380045444622, 
3e+02, 0.351683844277, 
3e+02, 0.408407044967, 
3e+02, 0.482147205863, 
3e+02, 0.459457925588, 
3e+02, 0.431096325243, 
3e+02, 0.436768645312, 
3e+02, 0.482147205863, 
3e+02, 0.442440965381, 
3e+02, 0.249582083035, 
3e+02, 0.147480321794, 
3e+02, 0.204203522483, 
3e+02, 0.255254403104, 
3e+02, 0.272271363311, 
3e+02, 0.22122048269, 
3e+02, 0.260926723173, 
3e+02, 0.328994564001, 
3e+02, 0.408407044967, 
3e+02, 0.374373124553, 
3e+02, 0.340339204139, 
3e+02, 0.357356164346, 
3e+02, 0.33466688407, 
3e+02, 0.331830724035, 
3e+02, 0.39139008476, 
3e+02, 0.351683844277, 
3e+02, 0.363028484415, 
3e+02, 0.346011524208, 
3.1e+02, 0.33466688407, 
3.1e+02, 0.363028484415, 
3.1e+02, 0.314813763828, 
3.1e+02, 0.33466688407, 
3.1e+02, 0.340339204139, 
3.1e+02, 0.33466688407, 
3.1e+02, 0.204203522483, 
3.1e+02, 0.215548162621, 
3.1e+02, 0.255254403104, 
3.1e+02, 0.260926723173, 
3.1e+02, 0.317649923863, 
3.1e+02, 0.328994564001, 
3.1e+02, 0.311977603794, 
3.1e+02, 0.33466688407, 
3.1e+02, 0.226892802759, 
3.1e+02, 0.249582083035, 
3.1e+02, 0.311977603794, 
3.1e+02, 0.317649923863, 
3.1e+02, 0.306305283725, 
3.1e+02, 0.300632963656, 
3.1e+02, 0.351683844277, 
3.1e+02, 0.368700804484, 
3.1e+02, 0.357356164346, 
3.1e+02, 0.408407044967, 
3.1e+02, 0.33466688407, 
3.1e+02, 0.311977603794, 
3.1e+02, 0.363028484415, 
3.1e+02, 0.340339204139, 
3.1e+02, 0.238237442897, 
3.1e+02, 0.260926723173, 
3.1e+02, 0.39139008476, 
3.1e+02, 0.402734724898, 
3.1e+02, 0.323322243932, 
3.1e+02, 0.328994564001, 
3.1e+02, 0.39139008476, 
3.1e+02, 0.408407044967, 
3.1e+02, 0.328994564001, 
3.1e+02, 0.306305283725, 
3.1e+02, 0.328994564001, 
3.1e+02, 0.317649923863, 
3.1e+02, 0.283616003449, 
3.1e+02, 0.317649923863, 
3.1e+02, 0.306305283725, 
3.1e+02, 0.283616003449, 
3.1e+02, 0.317649923863, 
3.1e+02, 0.431096325243, 
3.1e+02, 0.431096325243, 
3.1e+02, 0.328994564001, 
3.1e+02, 0.306305283725, 
3.1e+02, 0.317649923863, 
3.1e+02, 0.300632963656, 
3.1e+02, 0.340339204139, 
3.1e+02, 0.385717764691, 
3.1e+02, 0.357356164346, 
3.1e+02, 0.348847684242, 
3.1e+02, 0.314813763828, 
3.1e+02, 0.317649923863, 
