#ssr105
time, distance, theta, 
0, 2, 0, 
0.390157, 2, 0, 
0.488627, 2, 0, 
0.590625, 2, 0, 
0.625446, 2, 0, 
0.662519, 2, 0, 
0.765612, 2, 0, 
0.800766, 2, 0, 
0.904012, 2, 0, 
0.939703, 2, 0, 
1.04349, 2, 0, 
1.07976, 2, 0, 
1.18049, 2, 0, 
1.21579, 2, 0, 
1.25008, 2, 0, 
1.28703, 2, 0, 
1.38957, 2, 0, 
1.42365, 2, 0, 
1.46048, 2, 0, 
1.56293, 2, 0, 
1.59837, 2, 0, 
1.63275, 2, 0, 
1.73555, 2, 0, 
1.7686, 2, 0, 
1.80332, 2, 0, 
1.8394, 2, 0, 
1.87307, 2, 0, 
1.90924, 2, 0, 
2.01368, 2, 0, 
2.04803, 2, 0, 
2.08183, 2, 0, 
2.11573, 2, 0, 
2.15172, 2, 0, 
2.68895, 1.19334, -0.484983, 
2.77831, 1.11708, -0.442441, 
2.81215, 1.11728, -0.419752, 
2.85018, 1.11749, -0.397062, 
2.95215, 1.11749, -0.397062, 
2.9898, 1.28308, -0.380045, 
3.0921, 1.11794, -0.351684, 
3.19388, 1.11794, -0.351684, 
3.23085, 1.28355, -0.334667, 
3.33553, 1.19504, -0.309141, 
3.44274, 1.11872, -0.283616, 
3.54333, 1.11901, -0.260927, 
3.64831, 1.11932, -0.238237, 
3.75124, 1.11983, -0.204204, 
3.85545, 1.28574, -0.175842, 
3.95823, 1.12085, -0.14748, 
4.06581, 1.12163, -0.113446, 
4.16685, 1.12163, -0.113446, 
4.20579, 0.996055, -0.0964294, 
4.30667, 1.12261, -0.0794125, 
4.4091, 1.12261, -0.0794125, 
4.44428, 0.996776, -0.0737402, 
4.47806, 1.12347, -0.0567232, 
4.58295, 0.997698, -0.0510509, 
4.61823, 1.12466, -0.0340339, 
4.72197, 0.999024, -0.0283616, 
4.7599, 0.899609, -0.0226893, 
4.86117, 1.00005, -0.017017, 
4.89549, 1.00005, -0.017017, 
4.93076, 1.00189, -0.00567232, 
5.03392, 0.90875, 0, 
5.06874, 0.90875, 0, 
5.10558, 0.811371, 0.277944, 
5.2079, 0.811371, 0.277944, 
5.24151, 0.900903, 0.0113446, 
5.2801, 0.742979, 0.306305, 
5.38181, 0.68506, 0.311978, 
5.41591, 0.684932, 0.323322, 
5.45113, 0.634825, 0.340339, 
5.55499, 0.634705, 0.351684, 
5.59035, 0.518132, 0.368701, 
5.69451, 0.487076, 0.397062, 
5.79821, 0.486969, 0.408407, 
5.83399, 0.433764, 0.419752, 
5.86981, 0.351344, 0.46513, 
5.97057, 0.369321, 0.482147, 
6.00918, 0.289698, 0.555887, 
6.11143, 0.179204, 0.663661, 
6.71565, 2, 0, 
6.80259, 2, 0, 
6.83603, 2, 0, 
7.37457, 1.2872, -0.107774, 
7.46341, 1.12135, -0.124791, 
7.49776, 1.12135, -0.124791, 
7.53201, 0.895444, -0.124791, 
7.63784, 0.813806, -0.130463, 
7.67135, 0.745888, -0.124791, 
7.70784, 0.745888, -0.124791, 
7.81076, 0.745888, -0.124791, 
7.84586, 0.745888, -0.124791, 
7.88157, 1.12085, -0.14748, 
7.98568, 1.12063, -0.158825, 
8.08931, 1.12063, -0.158825, 
8.19543, 1.12063, -0.158825, 
8.29726, 1.12085, -0.14748, 
8.40104, 1.12085, -0.14748, 
8.43479, 1.12063, -0.158825, 
8.47385, 1.12063, -0.158825, 
8.57305, 1.12063, -0.158825, 
8.61032, 1.12041, -0.17017, 
8.71423, 0.994486, -0.164497, 
8.81725, 0.994486, -0.164497, 
8.85146, 0.994486, -0.164497, 
8.88672, 0.994707, -0.153153, 
8.99026, 0.994707, -0.153153, 
9.02795, 0.994707, -0.153153, 
9.12863, 0.994707, -0.153153, 
9.16635, 0.994486, -0.164497, 
9.26836, 1.12041, -0.17017, 
9.30922, 0.993888, -0.198531, 
9.40701, 0.993707, -0.209876, 
9.44086, 1.00189, -0.00567232, 
9.47957, 1.00005, 0.017017, 
9.58093, 0.993205, -0.24391, 
9.61733, 0.892951, -0.272271, 
9.71967, 0.997698, 0.0510509, 
9.75386, 1.50917, 0.884882, 
9.79174, 0.897565, 0.0567232, 
9.89362, 0.897107, 0.0680678, 
9.92877, 0.897107, 0.0680678, 
10.0306, 0.815392, 0.0737402, 
10.0682, 0.815013, 0.0850848, 
10.1706, 0.814671, 0.0964294, 
10.2071, 0.746463, 0.102102, 
10.3084, 0.81436, 0.107774, 
10.3432, 0.745888, 0.124791, 
10.3776, 0.637857, 0.136136, 
10.4819, 0.687655, 0.141808, 
10.5167, 0.637616, 0.14748, 
10.551, 0.59389, 0.153153, 
10.6213, 0.637389, 0.158825, 
10.6563, 0.593669, 0.164497, 
10.6902, 0.59346, 0.175842, 
10.7943, 0.520474, 0.187187, 
10.8295, 0.554668, 0.192859, 
10.8633, 0.489414, 0.204204, 
10.9332, 0.46151, 0.209876, 
10.9685, 0.436136, 0.215548, 
11.0028, 0.412612, 0.24391, 
11.1074, 0.391311, 0.249582, 
11.1424, 0.353468, 0.260927, 
11.1769, 0.292244, 0.283616, 
11.2806, 0.279122, 0.300633, 
11.3165, 0.234071, 0.323322, 
11.8526, 3.9251, 0.890554, 
12.4418, 0.221107, 0.726057, 
13.0319, 2, 0, 
13.6213, 3.92533, 0.845176, 
13.7107, 1.85644, 0.788452, 
13.7442, 2.46277, 0.78278, 
13.7801, 1.85657, 0.765763, 
13.8152, 2, 0, 
13.9172, 2, 0, 
13.9511, 2, 0, 
13.9851, 2, 0, 
14.021, 2, 0, 
14.0558, 2, 0, 
14.0986, 2, 0, 
14.1966, 2, 0, 
14.2307, 2, 0, 
14.2661, 2, 0, 
14.3685, 3.92539, 0.833831, 
14.4067, 2, 0, 
14.5074, 2, 0, 
14.546, 3.9292, 0.323322, 
14.6478, 2, 0, 
14.686, 2, 0, 
14.7861, 2, 0, 
14.8202, 2, 0, 
14.8585, 2, 0, 
14.9585, 2, 0, 
14.9939, 2, 0, 
15.028, 2, 0, 
15.1319, 2, 0, 
15.1646, 3.92527, 0.85652, 
15.2025, 2, 0, 
15.2375, 2, 0, 
15.2729, 3.92577, 0.765763, 
15.3762, 6.17128, 0.762927, 
15.4141, 2, 0, 
15.5151, 2, 0, 
15.5497, 2, 0, 
15.5842, 2, 0, 
15.6877, 3.93106, 0.187187, 
15.7264, 2, 0, 
15.826, 2, 0, 
15.8641, 2, 0, 
15.965, 2, 0, 
16.0008, 2, 0, 
16.0367, 2, 0, 
16.138, 2, 0, 
16.1738, 2, 0, 
16.2081, 2, 0, 
16.8126, 2, 0, 
16.9029, 2, 0, 
16.9363, 2, 0, 
16.9718, 2, 0, 
17.5762, 2, 0, 
17.6653, 2, 0, 
17.7035, 2, 0, 
17.8051, 2, 0, 
17.8389, 2, 0, 
17.8756, 2, 0, 
17.9794, 2, 0, 
18.0126, 2, 0, 
18.1183, 2, 0, 
18.1514, 2, 0, 
18.2585, 2, 0, 
18.36, 2, 0, 
18.3993, 6.17385, 0.405571, 
18.5003, 2, 0, 
18.6029, 2, 0, 
18.6384, 2, 0, 
18.6727, 2, 0, 
18.776, 2.46217, -0.896227, 
18.8121, 1.8559, -0.890554, 
18.8466, 2.46217, -0.896227, 
18.9532, 2.46217, -0.896227, 
19.0629, 3.92504, -0.901899, 
19.1588, 3.92504, -0.901899, 
19.1931, 3.92504, -0.901899, 
19.2311, 2.46217, -0.896227, 
19.3328, 2.46217, -0.896227, 
19.3667, 2.46217, -0.896227, 
19.4018, 1.50917, -0.884882, 
19.5061, 1.11424, -0.873537, 
19.5408, 1.11424, -0.873537, 
19.5759, 1.11447, -0.828159, 
19.6795, 1.11479, -0.771436, 
19.7834, 1.11492, -0.748746, 
19.8174, 0.88949, -0.669334, 
19.9229, 0.88971, -0.6353, 
19.9565, 0.808966, -0.527526, 
20.0632, 0.80971, -0.436769, 
20.1651, 0.892035, -0.351684, 
20.2726, 0.811231, -0.289288, 
20.8746, 3.9251, 0.890554, 
20.9641, 2.46217, 0.896227, 
20.998, 2, 0, 
21.0319, 2, 0, 
21.1365, 2, 0, 
21.1722, 2, 0, 
21.2079, 2, 0, 
21.3115, 2, 0, 
21.4174, 2, 0, 
21.5185, 2, 0, 
21.5524, 2, 0, 
21.5891, 2, 0, 
21.6257, 2, 0, 
21.7261, 2, 0, 
21.764, 2, 0, 
21.865, 2, 0, 
21.9032, 2, 0, 
22.0039, 2, 0, 
22.0416, 2, 0, 
22.1425, 2, 0, 
22.1779, 2, 0, 
22.213, 2, 0, 
22.32, 2, 0, 
22.9219, 1.50917, -0.884882, 
23.015, 0.888386, -0.862193, 
23.1145, 0.738889, -0.850848, 
23.2191, 0.631175, -0.839503, 
23.2534, 0.587595, -0.833831, 
23.292, 0.484121, -0.816814, 
23.392, 0.431082, -0.805469, 
23.4271, 0.386812, -0.794125, 
23.4624, 0.367465, -0.754419, 
23.566, 0.349445, -0.737402, 
23.6041, 0.317267, -0.680678, 
23.7065, 0.289072, -0.646644, 
23.809, 0.252474, -0.652317, 
23.8478, 0.242115, -0.578577, 
23.949, 0.253095, -0.56156, 
24.4878, 2, 0, 
24.5728, 2, 0, 
24.606, 2, 0, 
24.6427, 2, 0, 
24.678, 2, 0, 
24.7792, 2, 0, 
24.8122, 2, 0, 
24.8483, 2, 0, 
24.8816, 2, 0, 
24.9164, 6.17052, -0.904735, 
25.4542, 0.354874, -0.17017, 
25.5447, 0.373554, -0.141808, 
25.5792, 0.373554, -0.141808, 
25.618, 0.338602, -0.141808, 
25.7192, 0.29394, -0.17017, 
25.8221, 0.268656, -0.181514, 
25.8588, 0.225708, -0.215548, 
25.9624, 0.198746, -0.24391, 
26.0655, 0.182852, -0.255254, 
26.6008, 6.17052, 0.904735, 
26.6898, 2, 0, 
26.7232, 2, 0, 
26.759, 2, 0, 
26.7939, 2, 0, 
26.828, 2, 0, 
26.9323, 2, 0, 
26.967, 1.8559, 0.890554, 
27.0024, 3.92504, -0.901899, 
27.1049, 2, 0, 
27.6404, 2, 0, 
27.73, 3.92946, -0.300633, 
27.7667, 3.92974, -0.277944, 
27.8695, 3.92988, -0.266599, 
27.9073, 3.93003, -0.255254, 
28.0086, 3.93003, -0.255254, 
28.0439, 2, 0, 
28.0787, 3.93019, -0.24391, 
28.1834, 2, 0, 
28.286, 3.93035, -0.232565, 
28.3198, 3.93035, -0.232565, 
28.3539, 2, 0, 
28.424, 2, 0, 
28.4633, 2, 0, 
28.5648, 2, 0, 
28.6026, 2, 0, 
28.7051, 3.93069, -0.209876, 
28.8094, 6.17614, -0.212712, 
28.9126, 3.93069, -0.209876, 
29.0182, 3.93069, -0.209876, 
29.1196, 6.17623, -0.20704, 
29.1549, 2.46806, -0.192859, 
29.2586, 2.46826, -0.181514, 
29.2949, 1.86227, -0.164497, 
29.3978, 2.11636, -0.155989, 
29.5018, 6.17736, -0.144644, 
29.6052, 2.11647, -0.150316, 
29.6394, 2.46228, 0.873537, 
29.6734, 1.86297, -0.130463, 
29.7775, 1.86297, -0.130463, 
29.8149, 1.51634, -0.124791, 
29.9193, 1.86324, -0.119119, 
30.0249, 1.51662, -0.113446, 
30.1261, 1.51662, -0.113446, 
30.1601, 1.51662, -0.113446, 
30.1964, 1.51662, -0.113446, 
30.301, 1.51692, -0.102102, 
30.405, 2.1182, -0.0822486, 
30.5123, 1.51801, -0.0680678, 
30.6145, 1.51801, -0.0680678, 
30.7174, 1.51846, -0.0567232, 
30.8214, 1.519, -0.0453786, 
30.9237, 1.519, -0.0453786, 
30.9578, 1.519, -0.0453786, 
30.9922, 1.28975, -0.0397062, 
31.0633, 1.29151, -0.017017, 
31.1674, 1.29335, -0.00567232, 
31.2011, 1.29335, -0.00567232, 
31.2363, 1.29335, 0.00567232, 
31.3412, 0.988232, 0.867865, 
31.4444, 1.11424, 0.873537, 
31.482, 1.29151, 0.017017, 
31.5828, 1.12681, 0.0113446, 
31.6203, 1.12681, 0.0113446, 
31.7226, 1.12681, 0.0113446, 
31.8249, 1.12681, 0.0113446, 
31.8594, 1.00005, 0.017017, 
31.8975, 1.00005, 0.017017, 
31.9983, 1.00005, 0.017017, 
32.0338, 1.00005, 0.017017, 
32.0723, 1.00005, 0.017017, 
32.1729, 0.900903, 0.0113446, 
32.2111, 0.900903, 0.0113446, 
32.3117, 0.90875, 0, 
32.3499, 0.818662, -0.017017, 
32.4508, 0.818662, -0.017017, 
32.4849, 0.817641, -0.0283616, 
32.5228, 0.748545, -0.0453786, 
32.6258, 0.748009, -0.0567232, 
32.7289, 0.689918, -0.0623955, 
32.7641, 0.68949, -0.0737402, 
32.8675, 0.689111, -0.0850848, 
32.9041, 0.639016, -0.0907571, 
33.0068, 0.595238, -0.0964294, 
33.1101, 0.595238, -0.0964294, 
33.149, 0.556581, -0.102102, 
33.2494, 0.556581, -0.102102, 
33.2833, 0.522451, -0.0964294, 
33.3183, 0.463547, -0.107774, 
33.4229, 0.463547, -0.107774, 
33.4572, 0.438413, -0.102102, 
33.4925, 0.41515, -0.107774, 
33.5958, 0.404394, -0.104938, 
33.6376, 0.356091, -0.113446, 
33.7364, 0.484121, 0.816814, 
33.84, 0.247204, -0.136136, 
33.9471, 0.208791, -0.14748, 
34.5499, 0.431082, 0.805469, 
35.1384, 2.99552, 0.700532, 
35.2261, 2, 0, 
35.2615, 2, 0, 
35.2946, 2, 0, 
35.3649, 2, 0, 
35.4002, 2, 0, 
35.4337, 2, 0, 
35.5386, 2, 0, 
35.5768, 2, 0, 
35.6773, 3.93244, -0.119119, 
35.7813, 3.93217, -0.130463, 
35.8178, 3.92515, 0.87921, 
35.9208, 2.46228, 0.873537, 
35.9601, 2, 0, 
36.0611, 3.92527, 0.85652, 
36.1637, 3.92521, 0.867865, 
36.1983, 2.46234, 0.862193, 
36.2339, 3.93087, -0.198531, 
36.3377, 2.4677, -0.215548, 
36.3755, 6.17102, 0.808306, 
36.4766, 6.17109, 0.796961, 
36.511, 2.46264, 0.805469, 
36.5496, 2, 0, 
36.6529, 6.17124, 0.768599, 
36.7545, 2, 0, 
36.7881, 3.92597, 0.731729, 
36.8271, 2, 0, 
37.4272, 2, 0, 
37.516, 2, 0, 
37.5494, 2, 0, 
37.5848, 2, 0, 
37.6192, 2, 0, 
37.6543, 2, 0, 
37.6895, 2, 0, 
37.7287, 2, 0, 
37.829, 6.17134, -0.751582, 
37.8668, 2, 0, 
38.4693, 2, 0, 
38.5573, 2, 0, 
38.5915, 2, 0, 
38.6261, 2, 0, 
38.6595, 2, 0, 
38.6959, 2, 0, 
38.7321, 2, 0, 
38.8383, 2, 0, 
38.9395, 2, 0, 
38.9738, 2, 0, 
39.0109, 2, 0, 
39.1138, 2, 0, 
39.1476, 3.92617, -0.697695, 
39.1846, 3.9261, -0.70904, 
39.2885, 3.9261, -0.70904, 
39.3927, 2, 0, 
39.4978, 2, 0, 
39.5985, 2, 0, 
39.6349, 2, 0, 
39.6703, 2, 0, 
39.7759, 2, 0, 
39.8782, 2, 0, 
39.9841, 2, 0, 
40.0861, 2, 0, 
40.19, 2, 0, 
40.2236, 2, 0, 
40.329, 3.9259, -0.743074, 
40.3626, 3.9259, -0.743074, 
40.9023, 2, 0, 
40.9877, 2, 0, 
41.0213, 3.92603, -0.720385, 
41.0622, 2, 0, 
41.1611, 2, 0, 
41.1951, 2, 0, 
41.2301, 2, 0, 
41.3344, 2, 0, 
41.3728, 2, 0, 
41.4738, 2, 0, 
41.5095, 2, 0, 
41.6134, 3.92624, 0.686351, 
41.6495, 3.92617, 0.697695, 
41.7527, 2.4633, 0.692023, 
41.8559, 2.4633, 0.692023, 
41.8898, 2.46337, 0.680678, 
41.9935, 6.17179, 0.677842, 
42.0282, 2, 0, 
42.0633, 2, 0, 
42.168, 3.92624, 0.686351, 
42.2039, 2, 0, 
42.3066, 3.92638, 0.663661, 
42.3418, 3.92638, 0.663661, 
42.3767, 2, 0, 
42.4788, 6.172, 0.643808, 
42.5157, 3.9266, 0.629628, 
42.5516, 2, 0, 
42.6541, 2, 0, 
42.6872, 2.46405, 0.578577, 
42.7232, 6.17263, 0.553051, 
42.8271, 2, 0, 
42.9302, 2, 0, 
42.9639, 2, 0, 
42.9993, 2, 0, 
43.0324, 2, 0, 
43.068, 2, 0, 
43.1073, 2, 0, 
43.2092, 2, 0, 
43.2449, 2, 0, 
43.3481, 2, 0, 
43.4514, 2, 0, 
43.4858, 2, 0, 
43.5216, 2, 0, 
43.6259, 2, 0, 
43.6629, 2, 0, 
43.7668, 2, 0, 
43.8692, 2, 0, 
43.9028, 2, 0, 
43.9383, 2, 0, 
44.0424, 2, 0, 
44.0805, 2, 0, 
44.1825, 2, 0, 
44.2846, 2, 0, 
44.3205, 2, 0, 
44.9236, 2, 0, 
45.0122, 2, 0, 
45.049, 6.17878, -0.087921, 
45.0841, 2, 0, 
45.1913, 2, 0, 
45.2931, 2, 0, 
45.4013, 2, 0, 
45.4989, 2, 0, 
45.6032, 2, 0, 
45.637, 2, 0, 
45.7408, 2, 0, 
45.7747, 2, 0, 
45.8097, 2, 0, 
45.8441, 2, 0, 
45.8803, 2, 0, 
45.9202, 2, 0, 
46.0213, 2, 0, 
46.125, 2, 0, 
46.1592, 2, 0, 
46.1957, 2, 0, 
46.7975, 2, 0, 
46.8872, 2, 0, 
46.9213, 2, 0, 
46.9562, 2, 0, 
47.0639, 2, 0, 
47.1667, 2, 0, 
47.7703, 2, 0, 
47.8589, 2, 0, 
47.8933, 2, 0, 
47.9381, 2, 0, 
48.0346, 2, 0, 
48.1367, 2, 0, 
48.1725, 2, 0, 
48.2765, 2, 0, 
48.3142, 2, 0, 
48.415, 2, 0, 
48.4485, 2, 0, 
48.4927, 2, 0, 
48.5866, 2, 0, 
48.6196, 2, 0, 
48.6558, 2, 0, 
48.6895, 2, 0, 
48.7242, 2, 0, 
48.7622, 2, 0, 
48.7959, 2, 0, 
48.8306, 2, 0, 
48.9346, 2, 0, 
48.9701, 2, 0, 
49.0055, 2, 0, 
49.1079, 2, 0, 
49.2124, 2, 0, 
49.2462, 2, 0, 
49.3501, 2, 0, 
49.3832, 2, 0, 
49.4179, 2, 0, 
49.4556, 2, 0, 
49.493, 2, 0, 
49.5961, 2, 0, 
49.7006, 2, 0, 
49.8029, 2, 0, 
49.8362, 2, 0, 
49.8746, 2, 0, 
49.976, 2, 0, 
50.0139, 2, 0, 
50.1157, 2, 0, 
50.1522, 2, 0, 
50.2524, 2, 0, 
50.2867, 2, 0, 
50.3222, 2, 0, 
50.4299, 2, 0, 
50.5324, 2, 0, 
50.5661, 2, 0, 
50.6024, 6.17151, 0.723221, 
50.7082, 2, 0, 
50.8089, 2, 0, 
50.8467, 2, 0, 
50.9483, 2, 0, 
51.4842, 2, 0, 
51.5713, 2, 0, 
51.6069, 2, 0, 
51.6463, 2, 0, 
51.7474, 2, 0, 
51.852, 2, 0, 
51.9544, 2, 0, 
52.0585, 2, 0, 
52.092, 2, 0, 
52.1277, 2, 0, 
52.232, 2, 0, 
52.2701, 2, 0, 
52.3708, 2, 0, 
52.4758, 2, 0, 
52.5095, 2, 0, 
52.5459, 2, 0, 
52.6518, 2, 0, 
52.7538, 2, 0, 
52.8587, 2, 0, 
52.9608, 2, 0, 
52.9942, 2, 0, 
53.0345, 2, 0, 
53.1363, 2, 0, 
53.2394, 2, 0, 
53.2736, 2, 0, 
53.3769, 3.92504, -0.901899, 
53.4122, 2, 0, 
53.4498, 2, 0, 
53.5517, 2, 0, 
53.6571, 2, 0, 
53.7602, 2, 0, 
53.8652, 2, 0, 
53.9676, 3.92504, -0.901899, 
54.0726, 2, 0, 
54.176, 2, 0, 
54.2126, 2, 0, 
54.3153, 2, 0, 
54.4186, 2, 0, 
54.4554, 2, 0, 
54.5571, 2, 0, 
54.5943, 2, 0, 
54.6972, 2, 0, 
54.8006, 2, 0, 
54.8338, 2, 0, 
54.9377, 2, 0, 
54.9719, 2, 0, 
55.0066, 2, 0, 
55.0433, 2, 0, 
55.0811, 2, 0, 
55.1821, 2, 0, 
55.2199, 2, 0, 
55.3225, 2, 0, 
55.4256, 2, 0, 
55.5297, 2, 0, 
55.5644, 2, 0, 
55.6681, 2, 0, 
55.7046, 2, 0, 
55.8089, 2, 0, 
55.9124, 2, 0, 
56.0162, 2, 0, 
56.1179, 2, 0, 
56.1553, 2, 0, 
56.2589, 2, 0, 
56.3651, 2, 0, 
56.4691, 2, 0, 
56.5729, 2, 0, 
56.6772, 2, 0, 
56.7793, 2, 0, 
56.8838, 2, 0, 
56.9877, 2, 0, 
57.0936, 2, 0, 
57.1963, 2, 0, 
57.2975, 2, 0, 
57.3312, 2, 0, 
57.3664, 2, 0, 
57.4012, 3.9251, 0.890554, 
57.4364, 3.9251, 0.890554, 
57.4735, 3.9251, 0.890554, 
57.5784, 6.1706, 0.887718, 
57.6804, 2.46217, 0.896227, 
57.7183, 2, 0, 
57.8195, 2, 0, 
57.8565, 2, 0, 
57.9583, 2, 0, 
57.9926, 2, 0, 
58.0335, 2, 0, 
58.1318, 2, 0, 
58.167, 2, 0, 
58.2017, 2, 0, 
58.3061, 6.17072, 0.865029, 
58.3409, 2, 0, 
58.3784, 2, 0, 
58.4787, 2, 0, 
58.514, 2, 0, 
58.6195, 6.17084, 0.84234, 
58.7212, 2, 0, 
58.7607, 2, 0, 
58.8604, 2, 0, 
58.8964, 2, 0, 
58.9997, 2, 0, 
59.0363, 2, 0, 
59.1387, 2, 0, 
59.1728, 2, 0, 
59.2083, 2, 0, 
59.3111, 2, 0, 
59.349, 2, 0, 
59.45, 6.17093, 0.825323, 
59.4884, 6.17093, 0.825323, 
59.5893, 2, 0, 
59.6265, 2, 0, 
59.7278, 3.92551, 0.811142, 
59.766, 2, 0, 
59.8666, 2, 0, 
59.9034, 6.17109, 0.796961, 
60.0069, 2, 0, 
60.1102, 2, 0, 
60.1445, 3.93338, -0.0850848, 
60.1835, 2, 0, 
60.2834, 2, 0, 
60.3189, 2, 0, 
60.4225, 2, 0, 
60.4577, 2, 0, 
60.5618, 2, 0, 
60.5958, 2, 0, 
60.7006, 2, 0, 
60.7342, 2, 0, 
60.7698, 2, 0, 
60.8722, 6.17118, 0.779944, 
60.9068, 3.9257, 0.777108, 
60.944, 2, 0, 
61.0468, 2, 0, 
61.0839, 2, 0, 
61.1851, 2, 0, 
61.2225, 2, 0, 
61.3242, 2, 0, 
61.3617, 2, 0, 
61.9637, 2, 0, 
62.054, 2, 0, 
62.1583, 2, 0, 
62.1913, 2, 0, 
62.2964, 2, 0, 
62.3304, 2, 0, 
62.3667, 2, 0, 
62.4714, 2, 0, 
62.5743, 2, 0, 
62.6093, 2, 0, 
62.7157, 2, 0, 
62.8286, 2, 0, 
62.9212, 2, 0, 
62.9565, 2, 0, 
63.0614, 3.9296, 0.289288, 
63.163, 3.9296, 0.289288, 
63.1989, 3.9296, 0.289288, 
63.2338, 2, 0, 
63.3385, 2, 0, 
63.44, 2, 0, 
63.4741, 2, 0, 
63.5096, 3.92577, -0.765763, 
63.5431, 2, 0, 
63.5786, 2, 0, 
63.6138, 3.92577, -0.765763, 
63.6484, 3.92577, -0.765763, 
63.6826, 6.17134, 0.751582, 
64.2222, 2, 0, 
64.3077, 2, 0, 
64.3413, 2, 0, 
64.3758, 2, 0, 
64.4128, 3.92527, -0.85652, 
64.4505, 2, 0, 
64.5505, 2, 0, 
64.5864, 2, 0, 
64.6209, 2, 0, 
64.7276, 3.92521, -0.867865, 
64.8294, 2, 0, 
64.8631, 2, 0, 
64.8996, 2, 0, 
64.9397, 2, 0, 
65.0371, 2, 0, 
65.0723, 3.93035, 0.232565, 
65.1094, 2.46736, 0.238237, 
65.212, 3.93019, 0.24391, 
65.2456, 2, 0, 
65.3488, 2, 0, 
65.3819, 2, 0, 
65.4178, 3.92515, 0.87921, 
65.4539, 3.93019, 0.24391, 
65.4884, 2, 0, 
65.5233, 2, 0, 
65.6268, 2, 0, 
65.6624, 2, 0, 
65.6961, 2, 0, 
65.7662, 2, 0, 
65.803, 2, 0, 
65.9053, 2, 0, 
65.939, 2, 0, 
65.9805, 2, 0, 
66.0776, 2, 0, 
66.1104, 2, 0, 
66.1476, 3.9296, 0.289288, 
66.1852, 2, 0, 
66.2866, 3.92946, 0.300633, 
66.3212, 2.46649, 0.306305, 
66.3636, 3.92933, 0.311978, 
66.4637, 2, 0, 
66.5651, 2, 0, 
66.5996, 3.9261, 0.70904, 
66.6345, 2, 0, 
66.7379, 6.17052, 0.904735, 
66.7732, 2, 0, 
66.8097, 3.92895, 0.346012, 
66.9114, 6.1706, 0.887718, 
66.949, 2, 0, 
67.0509, 2, 0, 
67.1555, 2, 0, 
67.1886, 2, 0, 
67.224, 2, 0, 
67.327, 3.92872, 0.368701, 
67.3618, 2.46217, 0.896227, 
67.3981, 3.92872, 0.368701, 
67.4318, 6.17066, 0.876373, 
67.5356, 3.92617, 0.697695, 
67.5698, 3.9286, 0.380045, 
67.6072, 2, 0, 
67.7098, 2, 0, 
67.7437, 2, 0, 
67.7814, 3.92527, 0.85652, 
67.8835, 2, 0, 
67.919, 3.9257, -0.777108, 
67.9547, 2, 0, 
68.058, 2, 0, 
68.0916, 2, 0, 
68.1289, 2, 0, 
68.2303, 2, 0, 
68.2651, 2, 0, 
68.2998, 2, 0, 
68.4028, 2, 0, 
68.4357, 2, 0, 
68.4714, 2, 0, 
68.5067, 2, 0, 
68.5396, 2, 0, 
68.576, 2, 0, 
68.6103, 2, 0, 
68.6447, 2, 0, 
68.6817, 2, 0, 
68.7181, 2, 0, 
68.8201, 2, 0, 
68.8583, 2, 0, 
68.9596, 2, 0, 
69.0634, 2, 0, 
69.0975, 2, 0, 
69.1334, 2, 0, 
69.2377, 2, 0, 
69.273, 6.17055, 0.899063, 
69.3774, 2, 0, 
69.4795, 2, 0, 
69.5178, 2, 0, 
69.6185, 2, 0, 
69.6534, 2, 0, 
69.6877, 2, 0, 
69.7921, 2, 0, 
69.8258, 2, 0, 
69.931, 2, 0, 
69.9651, 2, 0, 
70.0686, 2, 0, 
70.1035, 2, 0, 
70.1408, 2, 0, 
70.2437, 2, 0, 
70.2787, 2, 0, 
70.313, 2, 0, 
70.4161, 2, 0, 
70.4523, 2, 0, 
70.4882, 3.9276, -0.493492, 
70.5908, 3.9276, -0.493492, 
70.6248, 2, 0, 
70.7282, 2, 0, 
70.7622, 2, 0, 
70.7971, 2, 0, 
70.8323, 2, 0, 
70.8682, 1.8559, 0.890554, 
70.9048, 3.92684, 0.595594, 
71.0087, 3.92684, 0.595594, 
71.1123, 2, 0, 
71.2159, 2, 0, 
71.2493, 3.92742, -0.516181, 
71.2888, 2, 0, 
71.3905, 2, 0, 
71.4925, 2, 0, 
71.5294, 2, 0, 
71.6384, 2, 0, 
71.7366, 2, 0, 
71.7705, 2, 0, 
71.8117, 2, 0, 
71.909, 2, 0, 
71.9433, 2, 0, 
71.9784, 2, 0, 
72.0816, 2, 0, 
72.1173, 2, 0, 
72.1541, 2, 0, 
72.2549, 2, 0, 
72.2914, 2, 0, 
72.3302, 2, 0, 
72.4301, 2, 0, 
72.4649, 2, 0, 
72.5013, 2, 0, 
72.6042, 2, 0, 
72.6419, 6.17251, -0.570068, 
72.7446, 2, 0, 
72.8467, 2, 0, 
72.8856, 2, 0, 
72.9859, 2, 0, 
73.0221, 2, 0, 
73.1251, 2, 0, 
73.2313, 2, 0, 
73.3339, 6.17072, 0.865029, 
73.441, 2, 0, 
73.5409, 2, 0, 
73.5803, 2, 0, 
73.6801, 2, 0, 
73.7837, 2, 0, 
73.8187, 2.46228, 0.873537, 
73.8559, 2, 0, 
73.9577, 2, 0, 
74.4963, 2, 0, 
74.5823, 2, 0, 
74.6164, 2, 0, 
74.6542, 6.17151, 0.723221, 
74.7546, 2, 0, 
74.7894, 2, 0, 
74.8226, 2, 0, 
74.8923, 2, 0, 
74.9254, 2, 0, 
74.9601, 2, 0, 
74.995, 2, 0, 
75.0297, 2, 0, 
75.0682, 2, 0, 
75.1059, 2, 0, 
75.2087, 2, 0, 
75.3102, 2, 0, 
75.3451, 2, 0, 
75.3795, 2, 0, 
75.4833, 2, 0, 
75.5222, 2, 0, 
75.6238, 2, 0, 
75.7279, 2, 0, 
75.8323, 2, 0, 
75.9361, 2, 0, 
75.9711, 2, 0, 
76.0749, 2, 0, 
76.1092, 2, 0, 
76.1452, 2, 0, 
76.2486, 3.92545, 0.822486, 
76.354, 2, 0, 
76.4567, 2, 0, 
76.5603, 2, 0, 
76.595, 2, 0, 
76.6294, 3.92545, 0.822486, 
76.7331, 2, 0, 
76.7692, 3.9261, 0.70904, 
76.8723, 2, 0, 
76.9061, 6.17093, 0.825323, 
77.0108, 2, 0, 
77.0447, 3.92527, 0.85652, 
77.0828, 3.92545, 0.822486, 
77.1835, 2, 0, 
77.2906, 2, 0, 
77.3919, 2, 0, 
77.4264, 2, 0, 
77.462, 3.9261, 0.70904, 
77.4979, 2, 0, 
77.5995, 6.17161, 0.706204, 
77.6327, 3.93147, -0.164497, 
77.6703, 2, 0, 
77.7041, 2, 0, 
77.7378, 2, 0, 
77.8075, 2, 0, 
77.8463, 3.92558, 0.799797, 
77.9483, 2, 0, 
77.983, 3.92551, 0.811142, 
78.018, 2, 0, 
78.1206, 3.9251, 0.890554, 
78.6597, 2, 0, 
78.7454, 3.92828, 0.414079, 
78.7815, 2, 0, 
78.8146, 2, 0, 
78.8858, 2, 0, 
78.9893, 2, 0, 
79.0266, 2, 0, 
79.1276, 2, 0, 
79.1651, 2, 0, 
79.2662, 2, 0, 
79.3026, 2, 0, 
79.4052, 2, 0, 
79.4425, 2, 0, 
79.5437, 2, 0, 
79.5815, 2, 0, 
79.6823, 2, 0, 
79.7213, 2, 0, 
79.8217, 2, 0, 
79.8572, 3.9292, 0.323322, 
79.8938, 2, 0, 
79.9961, 2, 0, 
80.0301, 2, 0, 
80.0693, 2, 0, 
80.1695, 2, 0, 
80.2049, 2, 0, 
80.3087, 2, 0, 
80.3441, 2, 0, 
80.4473, 2, 0, 
80.4826, 2, 0, 
80.5857, 2, 0, 
80.688, 2, 0, 
80.7228, 2, 0, 
80.7588, 2, 0, 
80.797, 2, 0, 
80.8984, 2, 0, 
81.0038, 2, 0, 
81.1064, 2, 0, 
81.1405, 2, 0, 
81.1749, 2, 0, 
81.2791, 2, 0, 
81.3139, 2, 0, 
81.3522, 2, 0, 
81.4535, 2, 0, 
81.4901, 2, 0, 
81.5919, 3.92778, 0.470803, 
81.6284, 3.92778, 0.470803, 
81.732, 2, 0, 
81.8349, 2, 0, 
81.8687, 2, 0, 
81.9049, 2, 0, 
82.0084, 2, 0, 
82.0437, 2, 0, 
82.1459, 2, 0, 
82.1809, 2, 0, 
82.2201, 2, 0, 
82.3211, 2, 0, 
82.3576, 2, 0, 
82.4593, 2, 0, 
82.493, 2, 0, 
82.5292, 2, 0, 
82.6326, 2, 0, 
82.6681, 2, 0, 
82.7026, 2, 0, 
82.8063, 2, 0, 
82.8409, 2, 0, 
82.8784, 2, 0, 
82.9801, 2, 0, 
83.0135, 2, 0, 
83.0598, 2, 0, 
83.1535, 2, 0, 
83.1892, 2, 0, 
83.2924, 2, 0, 
83.3266, 2, 0, 
83.3647, 2, 0, 
83.4659, 2, 0, 
83.4997, 2, 0, 
83.5361, 2, 0, 
84.1399, 0.994277, -0.175842, 
84.2294, 1.12193, -0.102102, 
84.2637, 1.12261, -0.0794125, 
84.3024, 0.997698, -0.0510509, 
84.4039, 0.998286, -0.0397062, 
84.4394, 0.898755, -0.0340339, 
84.5443, 0.899609, -0.0226893, 
84.6463, 0.810352, -0.368701, 
84.6838, 0.90875, 0, 
84.785, 0.820506, 0.00567232, 
84.8232, 0.818662, 0.017017, 
84.9253, 1.11424, 0.873537, 
85.0285, 0.689918, 0.0623955, 
85.1321, 0.689918, 0.0623955, 
85.1662, 0.639016, 0.0907571, 
85.2699, 0.639016, 0.0907571, 
85.3082, 1.11424, 0.873537, 
85.4099, 1.11424, 0.873537, 
85.4452, 0.521103, 0.153153, 
85.5495, 0.489794, 0.181514, 
85.6538, 0.436136, 0.215548, 
85.7577, 0.391159, 0.260927, 
85.8633, 0.352906, 0.306305, 
85.9652, 0.305042, 0.368701, 
86.0697, 0.278157, 0.39139, 
86.1042, 0.232751, 0.459458, 
86.2092, 0.196067, 0.504836, 
86.815, 0.408882, 0.652317, 
86.9022, 0.84685, 0.660825, 
86.9364, 0.515381, 0.731729, 
86.9703, 0.457134, 0.675006, 
87.0778, 0.485512, 0.589921, 
87.1811, 0.458153, 0.527526, 
87.2845, 0.517198, 0.470803, 
87.3887, 0.590482, 0.414079, 
87.4907, 0.552144, 0.397062, 
87.5257, 0.590806, 0.380045, 
88.0623, 2.46317, 0.714712, 
88.1502, 1.85651, 0.777108, 
88.1851, 3.92778, 0.470803, 
88.2191, 2, 0, 
88.2897, 2, 0, 
88.3249, 2, 0, 
88.3594, 3.927, 0.572904, 
88.9635, 0.186649, 0.703368, 
89.556, 1.85868, 0.459458, 
90.1443, 0.367272, 0.788452, 
90.7344, 0.316726, -0.771436, 
91.3245, 0.808796, 0.550215, 
91.4138, 0.741049, 0.510509, 
91.4476, 0.741049, 0.510509, 
91.4813, 0.741323, 0.476475, 
91.5537, 0.68391, 0.425424, 
91.6566, 0.741815, 0.419752, 
91.6919, 0.742247, 0.374373, 
91.7956, 0.742247, 0.374373, 
91.8313, 0.742479, 0.351684, 
91.9331, 0.684685, 0.346012, 
91.9691, 0.634825, 0.340339, 
92.0043, 0.684932, 0.323322, 
92.1089, 0.68506, 0.311978, 
92.2152, 0.63534, 0.294961, 
92.3161, 0.63534, 0.294961, 
92.351, 0.63534, 0.294961, 
92.3862, 0.685329, 0.289288, 
92.4898, 0.685329, 0.289288, 
92.5236, 0.685469, 0.277944, 
92.5618, 0.635621, 0.272271, 
93.1668, 2, 0, 
93.2523, 2, 0, 
93.2863, 2.46258, -0.816814, 
93.3234, 3.92539, -0.833831, 
93.427, 2, 0, 
93.4643, 3.92533, -0.845176, 
93.5654, 2, 0, 
93.5989, 2.4624, -0.850848, 
93.6348, 3.92527, -0.85652, 
93.739, 3.92527, -0.85652, 
93.7745, 2, 0, 
93.8758, 2.4624, -0.850848, 
93.91, 2.4624, -0.850848, 
93.9462, 3.92527, -0.85652, 
93.981, 2.4624, -0.850848, 
94.0164, 3.92533, -0.845176, 
94.1194, 2.46246, -0.839503, 
94.1575, 3.92539, -0.833831, 
94.2587, 3.92545, -0.822486, 
94.2941, 2.4624, 0.850848, 
94.3291, 2, 0, 
94.4328, 2, 0, 
94.4661, 3.92558, -0.799797, 
94.5023, 2, 0, 
94.6061, 2, 0, 
94.7099, 2, 0, 
94.7435, 2, 0, 
94.7805, 2, 0, 
94.8833, 2, 0, 
94.9185, 3.92533, 0.845176, 
94.9534, 3.92515, 0.87921, 
95.5586, 2, 0, 
96.1479, 1.51385, 0.272271, 
96.2374, 1.28483, 0.232565, 
96.2709, 1.28499, 0.22122, 
96.305, 1.11932, 0.238237, 
96.3764, 1.28467, 0.24391, 
96.4116, 1.11901, 0.260927, 
96.5145, 1.28436, 0.266599, 
96.5506, 1.11872, 0.283616, 
96.6549, 1.11844, 0.306305, 
96.7587, 1.11819, 0.328995, 
96.8636, 1.11794, 0.351684, 
96.9656, 1.11794, 0.351684, 
97.0002, 1.11783, 0.363028, 
97.0345, 1.1176, 0.385718, 
97.1407, 0.991404, 0.402735, 
97.2442, 0.991299, 0.414079, 
97.2832, 1.11708, 0.442441, 
97.3835, 0.89107, 0.453786, 
97.4862, 0.990897, 0.459458, 
97.5244, 0.990802, 0.470803, 
97.6262, 1.11679, 0.476475, 
97.6618, 1.11669, 0.48782, 
97.7673, 1.51169, 0.48782, 
97.8698, 2.46474, 0.48782, 
97.9749, 2.46465, 0.499164, 
98.0776, 3.92751, 0.504836, 
98.1795, 3.92751, 0.504836, 
98.2161, 2, 0, 
98.3195, 2, 0, 
98.3554, 2, 0, 
98.4566, 2, 0, 
98.4895, 2, 0, 
98.5255, 2, 0, 
98.5602, 2, 0, 
98.5949, 2, 0, 
98.6313, 2, 0, 
98.6658, 2, 0, 
98.7002, 2, 0, 
98.8052, 2, 0, 
98.8404, 6.17227, 0.604102, 
99.4441, 2, 0, 
99.534, 6.17112, 0.791289, 
99.5681, 2, 0, 
99.6035, 2, 0, 
99.707, 2, 0, 
99.7424, 2, 0, 
99.7769, 2, 0, 
99.8799, 6.17112, 0.791289, 
99.9142, 2, 0, 
99.9482, 2, 0, 
99.9857, 2, 0, 
100.022, 2, 0, 
100.123, 2, 0, 
100.158, 2, 0, 
100.194, 2, 0, 
100.298, 2, 0, 
100.332, 2, 0, 
100.368, 2, 0, 
100.471, 6.17081, 0.848012, 
100.508, 2, 0, 
100.611, 2, 0, 
100.644, 2, 0, 
100.682, 2, 0, 
100.784, 2, 0, 
100.818, 2, 0, 
100.854, 2, 0, 
100.957, 2, 0, 
100.992, 2, 0, 
101.096, 6.17078, 0.853684, 
101.133, 3.92545, 0.822486, 
101.234, 3.92545, 0.822486, 
101.77, 1.28018, 0.777108, 
101.858, 1.28045, 0.731729, 
101.897, 1.28101, 0.640972, 
101.999, 1.19242, 0.609774, 
102.034, 1.2819, 0.516181, 
102.136, 1.28208, 0.493492, 
102.172, 1.19353, 0.462294, 
102.209, 1.51248, 0.397062, 
102.31, 1.5127, 0.374373, 
102.348, 1.5133, 0.31765, 
102.45, 1.514, 0.260927, 
102.553, 1.86099, 0.24391, 
102.588, 1.51447, 0.226893, 
102.627, 1.51501, 0.192859, 
102.728, 1.28574, 0.175842, 
102.763, 1.51609, 0.136136, 
102.867, 1.28786, 0.0850848, 
102.969, 1.28916, 0.0510509, 
103.077, 1.52051, 0.0226893, 
103.178, 1.29151, 0.017017, 
103.217, 1.52051, -0.0226893, 
103.317, 1.29049, -0.0283616, 
103.353, 1.519, -0.0453786, 
103.456, 1.519, -0.0453786, 
103.49, 1.519, -0.0453786, 
103.532, 1.51846, -0.0567232, 
103.633, 1.51846, -0.0567232, 
103.734, 1.51846, -0.0567232, 
103.769, 1.28867, -0.0623955, 
103.872, 1.28867, -0.0623955, 
103.907, 1.28867, -0.0623955, 
103.942, 1.51846, -0.0567232, 
104.047, 1.28867, -0.0623955, 
104.149, 1.28867, -0.0623955, 
104.184, 1.28867, -0.0623955, 
104.218, 1.51801, -0.0680678, 
104.323, 1.51801, -0.0680678, 
104.358, 1.28824, -0.0737402, 
104.394, 1.28824, -0.0737402, 
104.498, 1.12261, -0.0794125, 
104.602, 1.12261, -0.0794125, 
104.638, 1.28824, -0.0737402, 
104.742, 1.28786, -0.0850848, 
104.844, 1.29049, 0.0283616, 
104.882, 1.12193, -0.102102, 
104.983, 1.12193, -0.102102, 
105.021, 1.28692, -0.119119, 
105.121, 1.12135, -0.124791, 
105.157, 0.748009, 0.0567232, 
105.191, 0.748009, 0.0567232, 
105.294, 0.748009, 0.0567232, 
105.328, 0.748009, 0.0567232, 
105.363, 0.81582, 0.0623955, 
105.397, 0.81582, 0.0623955, 
105.432, 0.81582, 0.0623955, 
105.468, 0.81582, 0.0623955, 
105.506, 0.748009, 0.0567232, 
105.607, 0.748009, 0.0567232, 
105.645, 0.748545, 0.0453786, 
105.746, 0.748545, 0.0453786, 
105.78, 0.690412, 0.0510509, 
105.816, 0.691001, 0.0397062, 
105.92, 0.691001, 0.0397062, 
105.955, 0.691739, 0.0283616, 
106.063, 1.12681, -0.0113446, 
106.162, 1.00005, -0.017017, 
106.2, 0.899609, -0.0226893, 
106.301, 0.999024, -0.0283616, 
106.339, 0.898101, -0.0453786, 
106.441, 0.816314, -0.0510509, 
106.475, 0.897565, -0.0567232, 
106.511, 0.815392, -0.0737402, 
106.615, 0.746789, -0.0907571, 
106.719, 0.688458, -0.107774, 
106.823, 0.746165, -0.113446, 
106.858, 0.637857, -0.136136, 
106.962, 0.637389, -0.158825, 
107.066, 0.41294, -0.22122, 
107.171, 0.489066, -0.226893, 
107.273, 0.461169, -0.232565, 
107.307, 0.461169, -0.232565, 
107.341, 0.519601, -0.24391, 
107.413, 0.488445, -0.272271, 
107.517, 0.460558, -0.277944, 
107.553, 0.46015, -0.311978, 
107.656, 0.411259, -0.357356, 
107.76, 0.389752, -0.385718, 
107.864, 0.343199, -0.416916, 
107.968, 0.304204, -0.459458, 
108.077, 0.253615, -0.493492, 
108.178, 0.213156, -0.527526, 
108.281, 0.179736, -0.584249, 
108.387, 0.151967, -0.595594, 
108.993, 2, 0, 
109.077, 2, 0, 
109.114, 3.92583, 0.754419, 
109.217, 2, 0, 
109.251, 3.92577, 0.765763, 
109.29, 2, 0, 
109.39, 2, 0, 
109.425, 3.92583, 0.754419, 
109.46, 2, 0, 
110.063, 0.159757, -0.431096, 
110.655, 0.186649, 0.703368, 
111.245, 0.738889, -0.850848, 
111.335, 0.681065, -0.845176, 
111.44, 0.681187, -0.822486, 
111.543, 0.587842, -0.788452, 
111.647, 0.588303, -0.70904, 
111.75, 0.54998, -0.680678, 
111.789, 0.516173, -0.606938, 
111.893, 0.458153, -0.527526, 
111.995, 0.433561, -0.442441, 
112.097, 0.370584, -0.346012, 
112.204, 0.336711, -0.255254, 
112.306, 0.32142, -0.226893, 
112.34, 0.307384, -0.187187, 
112.375, 0.258455, -0.119119, 
112.481, 0.220011, -0.0623955, 
112.586, 0.168098, 0.0226893, 
113.189, 2, 0, 
113.778, 0.341722, 0.604102, 
113.869, 0.349249, 0.771436, 
113.973, 0.35809, 0.779944, 
114.078, 0.386812, 0.794125, 
114.181, 0.386812, 0.794125, 
114.285, 0.408003, 0.799797, 
114.388, 0.408003, 0.799797, 
114.422, 0.386812, 0.794125, 
114.461, 0.316726, 0.771436, 
114.562, 0.316857, 0.748746, 
114.6, 0.275974, 0.675006, 
114.7, 0.241507, 0.669334, 
114.737, 0.276659, 0.572904, 
114.84, 0.265006, 0.504836, 
114.942, 0.253707, 0.482147, 
114.979, 0.254403, 0.402735, 
115.583, 2, 0, 
115.67, 2, 0, 
115.705, 2, 0, 
115.74, 2, 0, 
115.775, 2.46228, 0.873537, 
115.813, 2, 0, 
115.914, 3.92515, 0.87921, 
115.949, 3.92521, 0.867865, 
115.986, 2, 0, 
116.087, 2, 0, 
116.123, 3.92521, 0.867865, 
116.158, 2, 0, 
116.763, 1.27964, 0.87921, 
116.851, 0.888386, 0.862193, 
116.886, 0.888386, 0.862193, 
116.919, 0.631175, 0.839503, 
116.992, 0.386812, 0.794125, 
117.096, 0.431883, 0.669334, 
117.2, 0.432739, 0.544543, 
117.302, 0.45842, 0.493492, 
117.337, 0.433367, 0.46513, 
117.373, 0.434672, 0.328995, 
117.481, 0.46151, 0.209876, 
117.583, 0.49184, 0.0907571, 
117.686, 0.526442, -0.017017, 
117.789, 0.524682, -0.0397062, 
117.825, 0.491514, -0.102102, 
117.927, 0.521852, -0.119119, 
117.97, 0.521103, -0.153153, 
118.067, 0.489794, -0.181514, 
118.17, 0.4896, -0.192859, 
118.205, 0.489414, -0.204204, 
118.24, 0.489237, -0.215548, 
118.343, 0.489066, -0.226893, 
118.38, 0.460558, -0.277944, 
118.482, 0.434929, -0.306305, 
118.521, 0.459426, -0.380045, 
118.621, 0.433868, -0.408407, 
118.656, 0.433561, -0.442441, 
118.692, 0.409757, -0.527526, 
118.796, 0.387923, -0.612611, 
118.9, 0.368088, -0.652317, 
118.934, 0.431535, -0.726057, 
119.037, 0.41961, -0.74591, 
119.076, 0.456337, -0.811142, 
119.179, 0.681065, -0.845176, 
119.283, 1.11424, -0.873537, 
119.386, 2, 0, 
119.49, 2, 0, 
119.594, 2, 0, 
119.697, 2, 0, 
119.732, 2, 0, 
119.768, 2, 0, 
119.869, 2, 0, 
119.907, 2, 0, 
120.51, 0.556907, -0.0907571, 
120.599, 0.558127, -0.0567232, 
120.634, 0.559317, -0.0340339, 
120.668, 0.528286, -0.00567232, 
120.742, 0.493595, 0.0453786, 
120.843, 0.508172, 0.053887, 
120.877, 0.523172, 0.0737402, 
120.912, 0.556006, 0.124791, 
121.015, 0.489794, 0.181514, 
121.119, 0.520285, 0.198531, 
121.153, 0.504268, 0.212712, 
121.189, 0.519929, 0.22122, 
121.224, 0.489066, 0.226893, 
121.26, 0.488745, 0.249582, 
121.362, 0.488592, 0.260927, 
121.401, 0.460418, 0.289288, 
121.501, 0.488164, 0.294961, 
121.538, 0.434929, 0.306305, 
121.641, 0.434798, 0.31765, 
121.676, 0.434672, 0.328995, 
121.711, 0.389536, 0.408407, 
121.813, 0.399595, 0.445277, 
121.852, 0.388406, 0.544543, 
121.953, 0.38824, 0.567232, 
121.99, 0.368015, 0.663661, 
122.092, 0.367803, 0.697695, 
122.128, 0.367272, 0.788452, 
122.231, 0.431082, 0.805469, 
122.267, 0.631175, 0.839503, 
122.37, 0.738889, 0.850848, 
122.407, 1.27964, 0.87921, 
122.509, 1.8559, 0.890554, 
122.544, 3.92515, 0.87921, 
122.651, 2, 0, 
122.751, 3.92527, 0.85652, 
122.787, 3.92504, 0.901899, 
122.891, 2, 0, 
122.993, 2, 0, 
123.033, 2, 0, 
123.133, 2, 0, 
123.17, 2, 0, 
123.775, 0.416611, 0.0623955, 
123.862, 0.495103, 0.0226893, 
123.902, 0.46609, 0.0397062, 
124.001, 0.46609, 0.0397062, 
124.038, 0.465501, 0.0510509, 
124.139, 0.439958, 0.0567232, 
124.174, 0.4395, 0.0680678, 
124.211, 0.394406, 0.0907571, 
124.314, 0.393782, 0.113446, 
124.418, 0.40383, 0.127627, 
124.454, 0.393007, 0.14748, 
124.556, 0.373099, 0.164497, 
124.59, 0.37289, 0.175842, 
124.629, 0.354113, 0.215548, 
124.73, 0.353321, 0.272271, 
124.835, 0.336007, 0.311978, 
124.939, 0.335284, 0.380045, 
125.046, 0.290604, 0.442441, 
125.146, 0.318918, 0.453786, 
125.18, 0.318727, 0.476475, 
125.22, 0.318365, 0.521853, 
125.32, 0.334011, 0.527526, 
125.358, 0.333757, 0.56156, 
125.46, 0.31771, 0.612611, 
125.564, 0.289072, 0.646644, 
125.669, 0.325065, 0.666498, 
125.776, 0.332991, 0.675006, 
125.876, 0.317267, 0.680678, 
125.981, 0.317267, 0.680678, 
126.086, 0.31771, 0.612611, 
126.188, 0.334098, 0.516181, 
126.291, 0.334369, 0.482147, 
126.329, 0.319765, 0.363028, 
126.431, 0.336866, 0.24391, 
126.535, 0.393248, 0.136136, 
126.639, 0.393782, 0.113446, 
126.674, 0.417693, 0.0397062, 
126.779, 0.441148, -0.0340339, 
126.882, 0.438739, -0.0907571, 
126.986, 0.44987, -0.138972, 
127.089, 0.437339, -0.14748, 
127.127, 0.436499, -0.192859, 
127.228, 0.436136, -0.215548, 
127.264, 0.435491, -0.260927, 
127.366, 0.488445, -0.272271, 
127.405, 0.46015, -0.311978, 
127.507, 0.460021, -0.323322, 
127.541, 0.434672, -0.328995, 
127.575, 0.487411, -0.363028, 
127.68, 0.487185, -0.385718, 
127.784, 0.487076, -0.397062, 
127.821, 0.486762, -0.431096, 
127.923, 0.458898, -0.436769, 
127.959, 0.458701, -0.459458, 
128.067, 0.410209, -0.470803, 
128.168, 0.433367, -0.46513, 
128.271, 0.410602, -0.425424, 
128.375, 0.411259, -0.357356, 
128.48, 0.411753, -0.311978, 
128.582, 0.412021, -0.289288, 
128.62, 0.391633, -0.226893, 
128.721, 0.373099, -0.164497, 
128.825, 0.373554, -0.141808, 
128.861, 0.375389, -0.0737402, 
128.966, 0.380503, -0.00567232, 
129.069, 0.396162, 0.0453786, 
129.189, 0.394406, 0.0907571, 
129.277, 0.393007, 0.14748, 
129.38, 0.372502, 0.198531, 
129.486, 0.336866, 0.24391, 
129.589, 0.335878, 0.323322, 
129.692, 0.352525, 0.340339, 
129.729, 0.351952, 0.397062, 
129.833, 0.369511, 0.459458, 
129.936, 0.334187, 0.504836, 
130.04, 0.350632, 0.555887, 
130.145, 0.35031, 0.601266, 
130.249, 0.368162, 0.640972, 
130.353, 0.387479, 0.680678, 
130.46, 0.324649, 0.734565, 
130.561, 0.302158, 0.754419, 
130.597, 0.316726, 0.771436, 
130.699, 0.316726, 0.771436, 
130.734, 0.332383, 0.777108, 
131.338, 0.370831, -0.323322, 
131.429, 0.351639, -0.431096, 
131.534, 0.318918, -0.453786, 
131.636, 0.319219, -0.419752, 
131.741, 0.457818, 0.572904, 
131.847, 0.290042, 0.510509, 
131.952, 0.276421, 0.606938, 
132.054, 0.230838, 0.731729, 
132.158, 0.367272, 0.788452, 
132.262, 0.484121, 0.816814, 
132.367, 0.320799, -0.272271, 
132.469, 0.306061, -0.277944, 
132.506, 0.292244, -0.283616, 
132.609, 0.138235, -0.181514, 
132.713, 0.157302, -0.130463, 
132.818, 0.14028, -0.0907571, 
132.919, 0.140639, -0.0794125, 
132.957, 0.115712, -0.0510509, 
133.061, 0.226469, -0.17017, 
133.164, 0.208349, -0.17017, 
133.768, 0.230838, 0.731729, 
134.359, 0.340865, 0.0623955, 
134.447, 0.355316, 0.14748, 
134.481, 0.391981, 0.204204, 
134.515, 0.373099, 0.164497, 
134.621, 0.40251, 0.195695, 
134.655, 0.412021, 0.289288, 
134.759, 0.390731, 0.294961, 
134.793, 0.434672, 0.328995, 
134.828, 0.42236, 0.377209, 
134.933, 0.433975, 0.397062, 
134.967, 0.433868, 0.408407, 
135.005, 0.433367, 0.46513, 
135.105, 0.458605, 0.470803, 
135.14, 0.445553, 0.484983, 
135.176, 0.486011, 0.521853, 
135.28, 0.458153, 0.527526, 
135.318, 0.485673, 0.567232, 
135.421, 0.485512, 0.589921, 
135.522, 0.516173, 0.606938, 
135.557, 0.457503, 0.618283, 
135.592, 0.516096, 0.618283, 
135.697, 0.550501, 0.601266, 
135.801, 0.550501, 0.601266, 
135.838, 0.589117, 0.584249, 
135.941, 0.58928, 0.56156, 
136.045, 0.589447, 0.53887, 
136.148, 0.589533, 0.527526, 
136.184, 0.58962, 0.516181, 
136.287, 0.589892, 0.482147, 
136.391, 0.590178, 0.448113, 
136.495, 0.590588, 0.402735, 
136.599, 0.552365, 0.374373, 
136.635, 0.55337, 0.283616, 
136.738, 0.554668, 0.192859, 
136.842, 0.594927, 0.107774, 
136.945, 0.639016, 0.0907571, 
136.983, 0.640771, 0.0453786, 
137.085, 0.561464, 0.0113446, 
137.189, 0.599229, -0.017017, 
137.292, 0.598208, -0.0283616, 
137.326, 0.559317, -0.0340339, 
137.362, 0.557669, -0.0680678, 
137.466, 0.595238, -0.0964294, 
137.5, 0.556283, -0.113446, 
137.539, 0.520285, -0.198531, 
137.64, 0.519296, -0.266599, 
137.743, 0.488164, -0.294961, 
137.78, 0.459426, -0.380045, 
137.883, 0.433367, -0.46513, 
137.988, 0.432655, -0.555887, 
138.093, 0.432029, -0.646644, 
138.196, 0.431883, -0.669334, 
138.231, 0.456526, -0.777108, 
138.335, 0.456399, -0.799797, 
138.37, 0.738889, -0.850848, 
138.471, 0.888386, -0.862193, 
138.506, 0.988232, -0.867865, 
138.543, 2, 0, 
138.646, 2, 0, 
138.679, 2, 0, 
138.716, 2, 0, 
138.818, 2, 0, 
138.855, 2, 0, 
138.891, 2, 0, 
138.992, 2, 0, 
139.035, 2, 0, 
139.133, 2, 0, 
139.169, 2, 0, 
139.271, 2, 0, 
139.304, 2, 0, 
139.34, 2, 0, 
139.443, 2, 0, 
139.482, 2, 0, 
139.584, 2, 0, 
140.189, 0.741612, -0.442441, 
140.276, 0.742135, -0.385718, 
140.312, 0.742247, -0.374373, 
140.347, 0.742361, -0.363028, 
140.453, 0.742479, -0.351684, 
140.557, 0.684685, -0.346012, 
140.661, 0.742479, -0.351684, 
140.765, 0.68445, -0.368701, 
140.87, 0.684337, -0.380045, 
140.973, 0.742026, -0.397062, 
141.079, 0.742026, -0.397062, 
141.181, 0.684119, -0.402735, 
141.283, 0.741919, -0.408407, 
141.322, 0.741815, -0.419752, 
141.423, 0.68391, -0.425424, 
141.528, 0.741712, -0.431096, 
141.631, 0.683808, -0.436769, 
141.666, 0.683808, -0.436769, 
141.699, 0.741712, -0.431096, 
141.804, 0.683808, -0.436769, 
141.839, 0.633938, -0.431096, 
141.874, 0.742026, -0.397062, 
141.977, 0.742026, -0.397062, 
142.084, 0.742247, -0.374373, 
142.185, 0.742361, -0.363028, 
142.22, 0.684566, -0.357356, 
142.255, 0.742599, -0.340339, 
142.361, 0.810834, -0.323322, 
142.464, 0.742849, -0.31765, 
142.5, 0.743252, -0.283616, 
142.606, 0.743252, -0.283616, 
142.707, 0.685329, -0.289288, 
142.741, 0.743114, -0.294961, 
142.774, 0.685193, -0.300633, 
142.844, 0.742979, -0.306305, 
142.879, 0.68506, -0.311978, 
142.913, 0.742722, -0.328995, 
142.983, 0.742599, -0.340339, 
143.016, 0.742599, -0.340339, 
143.052, 0.684685, -0.346012, 
143.085, 0.742479, -0.351684, 
143.12, 0.742361, -0.363028, 
143.156, 0.634587, -0.363028, 
143.189, 0.742247, -0.374373, 
143.224, 0.684337, -0.380045, 
143.259, 0.712066, -0.388554, 
143.294, 0.742026, -0.397062, 
143.33, 0.684119, -0.402735, 
143.363, 0.684119, -0.402735, 
143.398, 0.741919, -0.408407, 
143.432, 0.741815, -0.419752, 
143.467, 0.741815, -0.419752, 
143.504, 0.741712, -0.431096, 
143.538, 0.683808, -0.436769, 
143.573, 0.741612, -0.442441, 
143.642, 0.741612, -0.442441, 
143.675, 0.683709, -0.448113, 
143.711, 0.741514, -0.453786, 
143.745, 0.741417, -0.46513, 
143.781, 0.711352, -0.467966, 
143.821, 0.74123, -0.48782, 
143.922, 0.683331, -0.493492, 
143.956, 0.68324, -0.504836, 
143.994, 0.683152, -0.516181, 
144.094, 0.740961, -0.521853, 
144.2, 0.683152, -0.516181, 
144.303, 0.683152, -0.516181, 
144.342, 0.741049, -0.510509, 
144.442, 0.741049, -0.510509, 
144.478, 0.74123, -0.48782, 
144.581, 0.683516, -0.470803, 
144.615, 0.741417, -0.46513, 
144.653, 0.68391, -0.425424, 
144.755, 0.742026, -0.397062, 
144.859, 0.742135, -0.385718, 
144.894, 0.742361, -0.363028, 
144.998, 0.742722, -0.328995, 
145.101, 0.810834, -0.323322, 
145.134, 0.742979, -0.306305, 
145.168, 0.811095, -0.300633, 
145.206, 0.743542, -0.260927, 
145.31, 0.811666, -0.255254, 
145.345, 0.744016, -0.226893, 
145.448, 0.744187, -0.215548, 
145.486, 0.74455, -0.192859, 
145.587, 0.744744, -0.181514, 
145.621, 0.745163, -0.158825, 
145.727, 0.745888, -0.124791, 
145.83, 0.746165, -0.113446, 
145.864, 0.746463, -0.102102, 
145.898, 0.747551, -0.0680678, 
146.002, 0.748009, -0.0567232, 
146.04, 0.749199, -0.0340339, 
146.141, 0.750053, -0.0226893, 
146.177, 0.751347, -0.0113446, 
146.212, 0.751347, 0.0113446, 
146.318, 0.749199, 0.0340339, 
146.42, 0.748545, 0.0453786, 
146.454, 0.748009, 0.0567232, 
146.488, 0.748009, 0.0567232, 
146.559, 0.81582, 0.0623955, 
146.595, 0.746789, 0.0907571, 
146.696, 0.814671, 0.0964294, 
146.731, 0.746463, 0.102102, 
146.766, 0.814072, 0.119119, 
146.87, 0.814072, 0.119119, 
146.903, 0.745888, 0.124791, 
146.938, 0.745888, 0.124791, 
146.972, 0.813806, 0.130463, 
147.008, 0.813806, 0.130463, 
147.053, 0.813557, 0.141808, 
147.15, 0.74539, 0.14748, 
147.254, 0.813323, 0.153153, 
147.359, 0.894719, 0.158825, 
147.463, 0.744948, 0.17017, 
147.565, 0.744948, 0.17017, 
147.599, 0.812893, 0.175842, 
147.633, 0.812893, 0.175842, 
147.704, 0.812893, 0.175842, 
147.742, 0.812893, 0.175842, 
147.844, 0.8943, 0.181514, 
147.948, 0.812694, 0.187187, 
148.056, 0.812694, 0.187187, 
148.156, 0.812694, 0.187187, 
148.26, 0.74455, 0.192859, 
148.364, 0.812694, 0.187187, 
148.468, 0.74455, 0.192859, 
148.572, 0.812694, 0.187187, 
148.675, 0.812694, 0.187187, 
148.713, 0.74455, 0.192859, 
148.815, 0.777078, 0.195695, 
148.92, 0.744364, 0.204204, 
149.023, 0.74455, 0.192859, 
149.059, 0.74455, 0.192859, 
149.161, 0.74455, 0.192859, 
149.199, 0.745163, 0.158825, 
149.3, 0.74539, 0.14748, 
149.337, 0.745888, 0.124791, 
149.441, 0.688769, 0.0964294, 
149.544, 0.689918, 0.0623955, 
149.649, 1.11424, 0.873537, 
149.753, 0.524682, -0.0397062, 
149.856, 0.558127, -0.0567232, 
149.892, 0.639777, -0.0680678, 
149.994, 0.689111, -0.0850848, 
150.033, 0.638391, -0.113446, 
150.133, 0.556283, -0.113446, 
150.171, 0.46326, -0.119119, 
150.272, 0.438114, -0.113446, 
150.307, 0.393782, -0.113446, 
150.346, 0.339404, -0.107774, 
150.447, 0.589038, 0.595594, 
150.55, 0.588807, 0.629628, 
150.654, 0.550197, 0.646644, 
150.69, 0.484121, 0.816814, 
150.796, 0.485056, 0.657989, 
150.898, 0.431741, 0.692023, 
151.002, 0.332713, 0.720385, 
151.107, 0.332713, 0.720385, 
151.209, 0.31699, 0.726057, 
151.245, 0.332781, 0.70904, 
151.349, 0.358696, 0.677842, 
151.456, 0.350006, 0.646644, 
151.557, 0.317558, 0.6353, 
151.669, 0.31771, 0.612611, 
151.765, 0.289535, 0.578577, 
151.87, 0.253348, 0.527526, 
151.974, 0.223133, 0.442441, 
152.078, 0.181654, 0.357356, 
152.184, 0.168137, 0.277944, 
152.287, 0.149147, 0.238237, 
152.892, 0.742361, -0.363028, 
153.479, 0.989549, 0.640972, 
154.069, 0.319765, -0.363028, 
154.159, 0.334463, -0.470803, 
154.193, 0.288646, 0.714712, 
154.73, 0.551348, 0.48782, 
155.326, 0.340633, 0.779944, 
155.911, 0.892535, 0.306305, 
