#ssr105
0, -0.414079365036, 
0.47, -0.300632963656, 
0.65, -0.243909762966, 
0.81, -0.192858882345, 
0.99, -0.147480321794, 
1.2, -0.119118721449, 
1.3, -0.0964294411727, 
1.5, -0.107774081311, 
1.7, -0.0964294411727, 
1.9, -0.0907571211037, 
2, -0.0850848010347, 
2.2, -0.0652316807933, 
2.4, -0.0567232006898, 
2.6, -0.0397062404829, 
2.7, -0.0283616003449, 
2.9, -0.0226892802759, 
3.1, -0.0226892802759, 
3.2, -0.0397062404829, 
3.4, -0.0453785605519, 
3.6, -0.0510508806208, 
3.8, -0.0680678408278, 
3.9, -0.158824961931, 
4.1, -0.238237442897, 
4.3, -0.243909762966, 
4.5, -0.249582083035, 
4.6, -0.27794368338, 
4.8, -0.300632963656, 
5, -0.300632963656, 
5.2, -0.306305283725, 
5.3, -0.306305283725, 
5.5, -0.317649923863, 
5.7, -0.303469123691, 
5.8, -0.317649923863, 
6, -0.328994564001, 
6.2, -0.328994564001, 
6.4, -0.311977603794, 
6.5, -0.294960643587, 
6.7, -0.286452163484, 
6.9, -0.269435203277, 
7.1, -0.266599043242, 
7.2, -0.249582083035, 
7.4, -0.238237442897, 
7.6, -0.226892802759, 
7.8, -0.192858882345, 
7.9, -0.170169602069, 
8.1, -0.181514242207, 
8.3, -0.175841922138, 
8.5, -0.170169602069, 
8.6, -0.181514242207, 
8.8, -0.192858882345, 
9, -0.204203522483, 
9.1, -0.201367362449, 
9.3, -0.209875842552, 
9.5, -0.22122048269, 
9.7, -0.238237442897, 
9.8, -0.260926723173, 
10, -0.283616003449, 
10, -0.306305283725, 
10, -0.346011524208, 
11, -0.385717764691, 
11, -0.419751685105, 
11, -0.436768645312, 
11, -0.431096325243, 
11, -0.453785605519, 
11, -0.465130245656, 
12, -0.44811328545, 
12, -0.402734724898, 
12, -0.33466688407, 
12, -0.27794368338, 
12, -0.192858882345, 
12, -0.0680678408278, 
13, 0.121954881483, 
13, 0.306305283725, 
13, 0.442440965381, 
13, 0.533198086484, 
13, 0.61261056745, 
13, 0.720384648761, 
14, 0.828158730071, 
14, 0.850848010347, 
14, 0.862192650485, 
14, 0.828158730071, 
14, 0.731729288899, 
15, 0.717548488726, 
15, 0.782780169519, 
15, 0.805469449795, 
15, 0.816814089933, 
15, 0.794124809657, 
15, 0.765763209313, 
16, 0.720384648761, 
16, 0.717548488726, 
16, 0.686350728347, 
16, 0.550215046691, 
16, 0.402734724898, 
16, 0.255254403104, 
17, 0.0794124809657, 
17, 0.0340339204139, 
17, 0.102101761242, 
17, 0.209875842552, 
17, 0.272271363311, 
17, 0.255254403104, 
18, 0.175841922138, 
18, 0.164497282, 
18, 0.283616003449, 
18, 0.306305283725, 
18, 0.243909762966, 
19, 0.260926723173, 
19, 0.272271363311, 
19, 0.201367362449, 
19, 0.192858882345, 
19, 0.300632963656, 
19, 0.33466688407, 
20, 0.337503044104, 
20, 0.385717764691, 
20, 0.408407044967, 
20, 0.44811328545, 
20, 0.453785605519, 
20, 0.544542726622, 
21, 0.635299847726, 
21, 0.714712328692, 
21, 0.720384648761, 
21, 0.720384648761, 
21, 0.720384648761, 
21, 0.714712328692, 
22, 0.652316807933, 
22, 0.567232006898, 
22, 0.550215046691, 
22, 0.470802565725, 
22, 0.368700804484, 
23, 0.181514242207, 
23, 0.124791041518, 
23, 0.192858882345, 
23, 0.306305283725, 
23, 0.311977603794, 
23, 0.283616003449, 
24, 0.272271363311, 
24, 0.300632963656, 
24, 0.323322243932, 
24, 0.300632963656, 
24, 0.402734724898, 
24, 0.442440965381, 
25, 0.397062404829, 
25, 0.39139008476, 
25, 0.419751685105, 
25, 0.414079365036, 
25, 0.476474885794, 
25, 0.510508806208, 
26, 0.453785605519, 
26, 0.397062404829, 
26, 0.425424005174, 
26, 0.374373124553, 
26, 0.397062404829, 
26, 0.39139008476, 
27, 0.397062404829, 
27, 0.408407044967, 
27, 0.283616003449, 
27, 0.249582083035, 
27, 0.272271363311, 
28, 0.363028484415, 
28, 0.385717764691, 
28, 0.300632963656, 
28, 0.351683844277, 
28, 0.453785605519, 
28, 0.493491846001, 
29, 0.408407044967, 
29, 0.283616003449, 
29, 0.238237442897, 
29, 0.328994564001, 
29, 0.402734724898, 
29, 0.346011524208, 
30, 0.346011524208, 
30, 0.414079365036, 
30, 0.328994564001, 
30, 0.283616003449, 
30, 0.346011524208, 
30, 0.346011524208, 
31, 0.408407044967, 
31, 0.428260165208, 
31, 0.380045444622, 
31, 0.380045444622, 
31, 0.397062404829, 
32, 0.346011524208, 
32, 0.311977603794, 
32, 0.368700804484, 
32, 0.374373124553, 
32, 0.340339204139, 
32, 0.419751685105, 
33, 0.442440965381, 
33, 0.323322243932, 
33, 0.311977603794, 
33, 0.283616003449, 
33, 0.300632963656, 
33, 0.385717764691, 
34, 0.385717764691, 
34, 0.33466688407, 
34, 0.374373124553, 
34, 0.385717764691, 
34, 0.368700804484, 
34, 0.402734724898, 
35, 0.419751685105, 
35, 0.374373124553, 
35, 0.380045444622, 
35, 0.402734724898, 
35, 0.442440965381, 
36, 0.408407044967, 
36, 0.368700804484, 
36, 0.255254403104, 
36, 0.22122048269, 
36, 0.300632963656, 
36, 0.425424005174, 
37, 0.462294085622, 
37, 0.397062404829, 
37, 0.306305283725, 
37, 0.306305283725, 
37, 0.408407044967, 
37, 0.408407044967, 
38, 0.351683844277, 
38, 0.368700804484, 
38, 0.368700804484, 
38, 0.363028484415, 
38, 0.385717764691, 
38, 0.317649923863, 
39, 0.323322243932, 
39, 0.431096325243, 
39, 0.487819525932, 
39, 0.516181126277, 
39, 0.578576647036, 
40, 0.657989128002, 
40, 0.663661448071, 
40, 0.657989128002, 
40, 0.646644487864, 
40, -0.646644487864, 
40, -0.601265927312, 
41, 0.692023048416, 
41, 0.72605696883, 
41, 0.805469449795, 
41, -0.419751685105, 
41, -0.346011524208, 
41, -0.346011524208, 
42, 0.175841922138, 
42, 0.181514242207, 
42, 0.187186562276, 
42, 0.255254403104, 
42, 0.283616003449, 
42, 0.328994564001, 
43, -0.209875842552, 
43, -0.0907571211037, 
43, 0.00567232006898, 
43, 0.0850848010347, 
43, 0.175841922138, 
44, 0.249582083035, 
44, 0.27794368338, 
44, 0.328994564001, 
44, 0.408407044967, 
44, 0.414079365036, 
44, 0.419751685105, 
45, 0.465130245656, 
45, 0.544542726622, 
45, 0.61261056745, 
45, 0.686350728347, 
45, 0.754418569175, 
45, 0.737401608968, 
46, 0.714712328692, 
46, 0.72605696883, 
46, 0.680678408278, 
46, 0.55588736676, 
46, 0.402734724898, 
46, 0.249582083035, 
47, 0.22122048269, 
47, 0.272271363311, 
47, 0.300632963656, 
47, 0.249582083035, 
47, 0.187186562276, 
48, 0.192858882345, 
48, 0.317649923863, 
48, 0.346011524208, 
48, 0.351683844277, 
48, 0.340339204139, 
48, 0.385717764691, 
49, 0.470802565725, 
49, 0.55588736676, 
49, 0.595593607243, 
49, 0.61261056745, 
49, 0.629627527657, 
49, 0.646644487864, 
50, 0.623955207588, 
50, 0.504836486139, 
50, 0.374373124553, 
50, 0.249582083035, 
50, 0.141808001725, 
50, 0.181514242207, 
51, 0.317649923863, 
51, 0.340339204139, 
51, 0.260926723173, 
51, 0.243909762966, 
51, 0.226892802759, 
52, 0.266599043242, 
52, 0.33466688407, 
52, 0.39139008476, 
52, 0.453785605519, 
52, 0.521853446346, 
52, 0.601265927312, 
53, 0.643808327829, 
53, 0.635299847726, 
53, 0.652316807933, 
53, 0.663661448071, 
53, 0.623955207588, 
53, 0.487819525932, 
54, 0.348847684242, 
54, 0.204203522483, 
54, 0.170169602069, 
54, 0.226892802759, 
54, 0.226892802759, 
54, 0.198531202414, 
55, 0.209875842552, 
55, 0.215548162621, 
55, 0.255254403104, 
55, 0.283616003449, 
55, 0.266599043242, 
56, 0.27794368338, 
56, 0.351683844277, 
56, 0.397062404829, 
56, 0.459457925588, 
56, 0.510508806208, 
56, 0.572904326967, 
57, 0.646644487864, 
57, 0.686350728347, 
57, 0.709040008623, 
57, 0.714712328692, 
57, 0.692023048416, 
57, 0.567232006898, 
58, 0.431096325243, 
58, 0.283616003449, 
58, 0.187186562276, 
58, 0.181514242207, 
58, 0.215548162621, 
58, 0.215548162621, 
59, 0.187186562276, 
59, 0.226892802759, 
59, 0.255254403104, 
59, 0.294960643587, 
59, 0.357356164346, 
59, 0.357356164346, 
60, 0.385717764691, 
60, 0.408407044967, 
60, 0.408407044967, 
60, 0.380045444622, 
60, 0.374373124553, 
61, 0.351683844277, 
61, 0.260926723173, 
61, 0.289288323518, 
61, 0.306305283725, 
61, 0.351683844277, 
61, 0.374373124553, 
62, 0.408407044967, 
62, 0.44811328545, 
62, 0.47363872576, 
62, 0.487819525932, 
62, 0.504836486139, 
62, 0.536034246519, 
63, 0.516181126277, 
63, 0.516181126277, 
63, 0.544542726622, 
63, 0.524689606381, 
63, 0.521853446346, 
63, 0.510508806208, 
64, 0.419751685105, 
64, 0.294960643587, 
64, 0.170169602069, 
64, 0.0850848010347, 
64, 0.011344640138, 
65, -0.0680678408278, 
65, -0.170169602069, 
65, -0.204203522483, 
65, -0.198531202414, 
65, -0.153152641863, 
65, -0.119118721449, 
66, -0.181514242207, 
66, -0.198531202414, 
66, -0.204203522483, 
66, -0.204203522483, 
66, -0.243909762966, 
66, -0.27794368338, 
67, -0.328994564001, 
67, -0.357356164346, 
67, -0.385717764691, 
67, -0.414079365036, 
67, -0.419751685105, 
67, -0.442440965381, 
68, -0.482147205863, 
68, -0.476474885794, 
68, -0.436768645312, 
68, -0.453785605519, 
68, -0.476474885794, 
69, -0.459457925588, 
69, -0.397062404829, 
69, -0.408407044967, 
69, -0.521853446346, 
69, -0.572904326967, 
69, -0.635299847726, 
70, -0.63813600776, 
70, -0.55588736676, 
70, -0.527525766415, 
70, -0.578576647036, 
70, -0.657989128002, 
70, -0.61261056745, 
71, -0.55588736676, 
71, -0.592757447209, 
71, -0.635299847726, 
71, -0.61261056745, 
71, -0.601265927312, 
71, -0.606938247381, 
72, -0.521853446346, 
72, -0.289288323518, 
72, -0.141808001725, 
72, -0.0907571211037, 
72, -0.102101761242, 
73, -0.124791041518, 
73, -0.181514242207, 
73, -0.130463361587, 
73, -0.00567232006898, 
73, 0.0737401608968, 
73, 0.198531202414, 
74, 0.351683844277, 
74, 0.374373124553, 
74, 0.340339204139, 
74, 0.374373124553, 
74, 0.442440965381, 
74, 0.44811328545, 
75, 0.49916416607, 
75, 0.623955207588, 
75, 0.652316807933, 
75, 0.663661448071, 
75, 0.714712328692, 
75, 0.692023048416, 
76, 0.640972167795, 
76, 0.640972167795, 
76, 0.623955207588, 
76, 0.544542726622, 
76, 0.408407044967, 
77, 0.215548162621, 
77, 0.0510508806208, 
77, -0.011344640138, 
77, 0.0453785605519, 
77, 0.130463361587, 
77, 0.209875842552, 
78, 0.204203522483, 
78, 0.147480321794, 
78, 0.153152641863, 
78, 0.238237442897, 
78, 0.260926723173, 
78, 0.232565122828, 
79, 0.226892802759, 
79, 0.238237442897, 
79, 0.229728962794, 
79, 0.272271363311, 
79, 0.27794368338, 
79, 0.266599043242, 
80, 0.249582083035, 
80, 0.238237442897, 
80, 0.238237442897, 
80, 0.272271363311, 
80, 0.328994564001, 
80, 0.380045444622, 
81, 0.436768645312, 
81, 0.482147205863, 
81, 0.533198086484, 
81, 0.578576647036, 
81, 0.61261056745, 
82, 0.646644487864, 
82, 0.652316807933, 
82, 0.680678408278, 
82, 0.697695368485, 
82, 0.703367688554, 
82, 0.657989128002, 
83, 0.504836486139, 
83, 0.317649923863, 
83, 0.170169602069, 
83, 0.170169602069, 
83, 0.170169602069, 
83, 0.198531202414, 
84, 0.246745923001, 
84, 0.255254403104, 
84, 0.238237442897, 
84, 0.215548162621, 
84, 0.175841922138, 
84, 0.198531202414, 
85, 0.201367362449, 
85, 0.147480321794, 
85, 0.175841922138, 
85, 0.224056642725, 
85, 0.311977603794, 
86, 0.39139008476, 
86, 0.490655685967, 
86, 0.601265927312, 
86, 0.623955207588, 
86, 0.686350728347, 
86, 0.748746249106, 
87, 0.771435529381, 
87, 0.760090889244, 
87, 0.680678408278, 
87, 0.629627527657, 
87, 0.601265927312, 
87, 0.589921287174, 
88, 0.595593607243, 
88, 0.61261056745, 
88, 0.655152967967, 
88, 0.652316807933, 
88, 0.657989128002, 
88, 0.680678408278, 
89, 0.677842248243, 
89, 0.589921287174, 
89, 0.44811328545, 
89, 0.289288323518, 
89, 0.226892802759, 
90, 0.181514242207, 
90, 0.0850848010347, 
90, 0.0680678408278, 
90, 0.0850848010347, 
90, 0.13897184169, 
90, 0.232565122828, 
91, 0.249582083035, 
91, 0.243909762966, 
91, 0.311977603794, 
91, 0.328994564001, 
91, 0.328994564001, 
91, 0.33466688407, 
92, 0.340339204139, 
92, 0.328994564001, 
92, 0.311977603794, 
92, 0.311977603794, 
92, 0.317649923863, 
92, 0.385717764691, 
93, 0.39139008476, 
93, 0.368700804484, 
93, 0.351683844277, 
93, 0.317649923863, 
93, 0.289288323518, 
94, 0.266599043242, 
94, 0.294960643587, 
94, 0.346011524208, 
94, 0.385717764691, 
94, 0.388553924725, 
94, 0.419751685105, 
95, 0.493491846001, 
95, 0.538870406553, 
95, 0.564395846864, 
95, 0.578576647036, 
95, 0.595593607243, 
95, 0.595593607243, 
96, 0.584248967105, 
96, 0.547378886657, 
96, 0.431096325243, 
96, 0.294960643587, 
96, 0.255254403104, 
96, 0.27794368338, 
97, 0.263762883208, 
97, 0.158824961931, 
97, 0.0794124809657, 
97, 0.0964294411727, 
97, 0.170169602069, 
98, 0.238237442897, 
98, 0.249582083035, 
98, 0.300632963656, 
98, 0.363028484415, 
98, 0.414079365036, 
98, 0.453785605519, 
99, 0.487819525932, 
99, 0.510508806208, 
99, 0.521853446346, 
99, 0.519017286312, 
99, 0.533198086484, 
99, 0.544542726622, 
1e+02, 0.55588736676, 
1e+02, 0.578576647036, 
1e+02, 0.578576647036, 
1e+02, 0.536034246519, 
1e+02, 0.431096325243, 
1e+02, 0.294960643587, 
1e+02, 0.158824961931, 
1e+02, 0.11344640138, 
1e+02, 0.119118721449, 
1e+02, 0.167333442035, 
1e+02, 0.207039682518, 
1e+02, 0.226892802759, 
1e+02, 0.249582083035, 
1e+02, 0.317649923863, 
1e+02, 0.41691552507, 
1e+02, 0.453785605519, 
1e+02, 0.487819525932, 
1e+02, 0.524689606381, 
1e+02, 0.55588736676, 
1e+02, 0.55588736676, 
1e+02, 0.575740487002, 
1e+02, 0.601265927312, 
1e+02, 0.61261056745, 
1e+02, 0.623955207588, 
1e+02, 0.595593607243, 
1e+02, 0.487819525932, 
1e+02, 0.371536964518, 
1e+02, 0.272271363311, 
1e+02, 0.249582083035, 
1e+02, 0.238237442897, 
1e+02, 0.238237442897, 
1e+02, 0.317649923863, 
1.1e+02, 0.311977603794, 
1.1e+02, 0.289288323518, 
1.1e+02, 0.255254403104, 
1.1e+02, 0.22122048269, 
1.1e+02, 0.260926723173, 
1.1e+02, 0.260926723173, 
1.1e+02, 0.235401282863, 
1.1e+02, 0.215548162621, 
1.1e+02, 0.226892802759, 
1.1e+02, 0.249582083035, 
1.1e+02, 0.249582083035, 
1.1e+02, 0.306305283725, 
1.1e+02, 0.306305283725, 
1.1e+02, 0.317649923863, 
1.1e+02, 0.374373124553, 
1.1e+02, 0.411243205001, 
1.1e+02, 0.467966405691, 
1.1e+02, 0.467966405691, 
1.1e+02, 0.496328006036, 
1.1e+02, 0.533198086484, 
1.1e+02, 0.564395846864, 
1.1e+02, 0.55588736676, 
1.1e+02, 0.453785605519, 
1.1e+02, 0.351683844277, 
1.1e+02, 0.255254403104, 
1.1e+02, 0.226892802759, 
1.1e+02, 0.303469123691, 
1.1e+02, 0.382881604656, 
1.1e+02, 0.374373124553, 
1.1e+02, 0.340339204139, 
1.1e+02, 0.317649923863, 
1.1e+02, 0.294960643587, 
1.1e+02, 0.27794368338, 
1.1e+02, 0.266599043242, 
1.1e+02, 0.294960643587, 
1.1e+02, 0.306305283725, 
1.1e+02, 0.283616003449, 
1.1e+02, 0.289288323518, 
1.1e+02, 0.36019232438, 
1.1e+02, 0.357356164346, 
1.1e+02, 0.306305283725, 
1.1e+02, 0.289288323518, 
1.1e+02, 0.292124483553, 
1.1e+02, 0.300632963656, 
1.1e+02, 0.351683844277, 
1.1e+02, 0.397062404829, 
1.1e+02, 0.442440965381, 
1.1e+02, 0.476474885794, 
1.1e+02, 0.465130245656, 
1.1e+02, 0.533198086484, 
1.1e+02, 0.538870406553, 
1.1e+02, 0.533198086484, 
1.1e+02, 0.538870406553, 
1.1e+02, 0.533198086484, 
1.1e+02, 0.510508806208, 
1.1e+02, 0.442440965381, 
1.1e+02, 0.311977603794, 
1.2e+02, 0.201367362449, 
1.2e+02, 0.201367362449, 
1.2e+02, 0.294960643587, 
1.2e+02, 0.385717764691, 
1.2e+02, 0.374373124553, 
1.2e+02, 0.323322243932, 
1.2e+02, 0.294960643587, 
1.2e+02, 0.272271363311, 
1.2e+02, 0.317649923863, 
1.2e+02, 0.414079365036, 
1.2e+02, 0.399898564863, 
1.2e+02, 0.340339204139, 
1.2e+02, 0.306305283725, 
1.2e+02, 0.317649923863, 
1.2e+02, 0.363028484415, 
1.2e+02, 0.436768645312, 
1.2e+02, 0.49916416607, 
1.2e+02, 0.476474885794, 
1.2e+02, 0.476474885794, 
1.2e+02, 0.456621765553, 
1.2e+02, 0.402734724898, 
1.2e+02, 0.39139008476, 
1.2e+02, 0.357356164346, 
1.2e+02, 0.328994564001, 
1.2e+02, 0.272271363311, 
1.2e+02, 0.226892802759, 
1.2e+02, 0.198531202414, 
1.2e+02, 0.175841922138, 
1.2e+02, 0.124791041518, 
1.2e+02, 0.130463361587, 
1.2e+02, 0.158824961931, 
1.2e+02, 0.207039682518, 
1.2e+02, 0.226892802759, 
1.2e+02, 0.215548162621, 
1.2e+02, 0.207039682518, 
1.2e+02, 0.192858882345, 
1.2e+02, 0.212712002587, 
1.2e+02, 0.215548162621, 
1.2e+02, 0.215548162621, 
1.2e+02, 0.280779843415, 
1.2e+02, 0.351683844277, 
1.2e+02, 0.363028484415, 
1.2e+02, 0.363028484415, 
1.2e+02, 0.368700804484, 
1.2e+02, 0.365864644449, 
1.2e+02, 0.399898564863, 
1.2e+02, 0.482147205863, 
1.2e+02, 0.55588736676, 
1.2e+02, 0.606938247381, 
1.2e+02, 0.601265927312, 
1.2e+02, 0.595593607243, 
1.2e+02, 0.61261056745, 
1.2e+02, 0.623955207588, 
1.2e+02, 0.629627527657, 
1.2e+02, 0.623955207588, 
1.2e+02, 0.601265927312, 
1.2e+02, 0.55588736676, 
1.2e+02, 0.419751685105, 
1.3e+02, 0.27794368338, 
1.3e+02, 0.153152641863, 
1.3e+02, 0.124791041518, 
1.3e+02, 0.192858882345, 
1.3e+02, 0.283616003449, 
1.3e+02, 0.385717764691, 
1.3e+02, 0.402734724898, 
1.3e+02, 0.357356164346, 
1.3e+02, 0.328994564001, 
1.3e+02, 0.374373124553, 
1.3e+02, 0.431096325243, 
1.3e+02, 0.453785605519, 
1.3e+02, 0.510508806208, 
1.3e+02, 0.584248967105, 
1.3e+02, 0.623955207588, 
1.3e+02, 0.623955207588, 
1.3e+02, 0.635299847726, 
1.3e+02, 0.663661448071, 
1.3e+02, 0.692023048416, 
1.3e+02, 0.646644487864, 
1.3e+02, 0.507672646174, 
1.3e+02, 0.351683844277, 
1.3e+02, 0.209875842552, 
1.3e+02, 0.181514242207, 
1.3e+02, 0.181514242207, 
1.3e+02, 0.136135681656, 
1.3e+02, 0.107774081311, 
1.3e+02, 0.0964294411727, 
1.3e+02, 0.0794124809657, 
1.3e+02, 0.0680678408278, 
1.3e+02, 0.0680678408278, 
1.3e+02, 0.0737401608968, 
1.3e+02, 0.0794124809657, 
1.3e+02, 0.0680678408278, 
1.3e+02, 0.0709040008623, 
1.3e+02, 0.0794124809657, 
1.3e+02, 0.0737401608968, 
1.3e+02, 0.0595593607243, 
1.3e+02, 0.141808001725, 
1.3e+02, 0.232565122828, 
1.3e+02, 0.243909762966, 
1.3e+02, 0.286452163484, 
1.3e+02, 0.283616003449, 
1.3e+02, 0.272271363311, 
1.3e+02, 0.289288323518, 
1.3e+02, 0.306305283725, 
1.3e+02, 0.317649923863, 
1.3e+02, 0.311977603794, 
1.3e+02, 0.317649923863, 
1.3e+02, 0.328994564001, 
1.3e+02, 0.33466688407, 
1.3e+02, 0.317649923863, 
1.3e+02, 0.323322243932, 
1.3e+02, 0.351683844277, 
1.3e+02, 0.357356164346, 
1.3e+02, 0.328994564001, 
1.3e+02, 0.343175364173, 
1.3e+02, 0.380045444622, 
1.4e+02, 0.431096325243, 
1.4e+02, 0.510508806208, 
1.4e+02, 0.578576647036, 
1.4e+02, 0.589921287174, 
1.4e+02, 0.567232006898, 
1.4e+02, 0.567232006898, 
1.4e+02, 0.581412807071, 
1.4e+02, 0.604102087347, 
1.4e+02, 0.595593607243, 
1.4e+02, 0.578576647036, 
1.4e+02, 0.544542726622, 
1.4e+02, 0.49916416607, 
1.4e+02, 0.380045444622, 
1.4e+02, 0.260926723173, 
1.4e+02, 0.170169602069, 
1.4e+02, 0.0964294411727, 
1.4e+02, 0.136135681656, 
1.4e+02, 0.22122048269, 
1.4e+02, 0.294960643587, 
1.4e+02, 0.368700804484, 
1.4e+02, 0.368700804484, 
1.4e+02, 0.328994564001, 
1.4e+02, 0.317649923863, 
1.4e+02, 0.314813763828, 
1.4e+02, 0.317649923863, 
1.4e+02, 0.323322243932, 
1.4e+02, 0.343175364173, 
1.4e+02, 0.363028484415, 
1.4e+02, 0.374373124553, 
1.4e+02, 0.382881604656, 
1.4e+02, 0.374373124553, 
1.4e+02, 0.414079365036, 
1.4e+02, 0.487819525932, 
1.4e+02, 0.521853446346, 
1.4e+02, 0.533198086484, 
1.4e+02, 0.533198086484, 
1.4e+02, 0.527525766415, 
1.4e+02, 0.533198086484, 
1.4e+02, 0.493491846001, 
1.4e+02, 0.442440965381, 
1.4e+02, 0.476474885794, 
1.4e+02, 0.44811328545, 
1.4e+02, 0.328994564001, 
1.4e+02, 0.22122048269, 
1.4e+02, 0.238237442897, 
1.4e+02, 0.340339204139, 
1.4e+02, 0.351683844277, 
1.4e+02, 0.300632963656, 
1.4e+02, 0.272271363311, 
1.4e+02, 0.238237442897, 
1.4e+02, 0.226892802759, 
1.4e+02, 0.215548162621, 
1.4e+02, 0.27794368338, 
1.4e+02, 0.357356164346, 
1.4e+02, 0.436768645312, 
1.4e+02, 0.428260165208, 
1.4e+02, 0.414079365036, 
1.5e+02, 0.397062404829, 
1.5e+02, 0.442440965381, 
1.5e+02, 0.516181126277, 
1.5e+02, 0.49916416607, 
1.5e+02, 0.408407044967, 
1.5e+02, 0.306305283725, 
1.5e+02, 0.215548162621, 
1.5e+02, 0.164497282, 
1.5e+02, 0.187186562276, 
1.5e+02, 0.22122048269, 
1.5e+02, 0.283616003449, 
1.5e+02, 0.36019232438, 
1.5e+02, 0.363028484415, 
1.5e+02, 0.346011524208, 
1.5e+02, 0.331830724035, 
1.5e+02, 0.309141443759, 
1.5e+02, 0.294960643587, 
1.5e+02, 0.272271363311, 
1.5e+02, 0.175841922138, 
1.5e+02, 0.192858882345, 
1.5e+02, 0.238237442897, 
1.5e+02, 0.243909762966, 
1.5e+02, 0.229728962794, 
1.5e+02, 0.224056642725, 
1.5e+02, 0.226892802759, 
1.5e+02, 0.238237442897, 
1.5e+02, 0.235401282863, 
1.5e+02, 0.280779843415, 
1.5e+02, 0.363028484415, 
1.5e+02, 0.439604805346, 
1.5e+02, 0.49916416607, 
1.5e+02, 0.55588736676, 
1.5e+02, 0.589921287174, 
1.5e+02, 0.589921287174, 
1.5e+02, 0.601265927312, 
1.5e+02, 0.604102087347, 
1.5e+02, 0.61261056745, 
1.5e+02, 0.629627527657, 
1.5e+02, 0.635299847726, 
1.5e+02, 0.63813600776, 
1.5e+02, 0.601265927312, 
1.5e+02, 0.680678408278, 
1.5e+02, 0.788452489588, 
1.5e+02, 0.805469449795, 
1.5e+02, 0.828158730071, 
1.5e+02, 0.850848010347, 
1.5e+02, 0.850848010347, 
1.5e+02, 0.850848010347, 
1.5e+02, 0.782780169519, 
1.5e+02, 0.629627527657, 
1.5e+02, 0.527525766415, 
1.5e+02, 0.490655685967, 
1.5e+02, 0.623955207588, 
1.5e+02, 0.782780169519, 
1.5e+02, 0.828158730071, 
1.5e+02, 0.862192650485, 
1.5e+02, 0.0, 
1.5e+02, 0.0, 
1.6e+02, 0.873537290623, 
1.6e+02, 0.850848010347, 
1.6e+02, 0.828158730071, 
1.6e+02, 0.839503370209, 
1.6e+02, 0.816814089933, 
1.6e+02, 0.794124809657, 
1.6e+02, 0.771435529381, 
1.6e+02, 0.760090889244, 
1.6e+02, 0.757254729209, 
1.6e+02, 0.66933376814, 
1.6e+02, 0.49916416607, 
1.6e+02, 0.49916416607, 
1.6e+02, 0.414079365036, 
1.6e+02, 0.33466688407, 
1.6e+02, 0.297796803622, 
1.6e+02, 0.232565122828, 
1.6e+02, 0.164497282, 
1.6e+02, 0.102101761242, 
1.6e+02, 0.0340339204139, 
1.6e+02, 0.0510508806208, 
1.6e+02, 0.0567232006898, 
1.6e+02, 0.0992656012072, 
1.6e+02, 0.102101761242, 
1.6e+02, 0.153152641863, 
1.6e+02, 0.22122048269, 
1.6e+02, 0.181514242207, 
1.6e+02, 0.187186562276, 
1.6e+02, 0.255254403104, 
1.6e+02, 0.226892802759, 
1.6e+02, 0.161661121966, 
1.6e+02, 0.215548162621, 
1.6e+02, 0.238237442897, 
1.6e+02, 0.238237442897, 
1.6e+02, 0.283616003449, 
1.6e+02, 0.289288323518, 
1.6e+02, 0.294960643587, 
1.6e+02, 0.286452163484, 
1.6e+02, 0.340339204139, 
1.6e+02, 0.397062404829, 
1.6e+02, 0.39139008476, 
1.6e+02, 0.442440965381, 
1.6e+02, 0.507672646174, 
1.6e+02, 0.581412807071, 
1.6e+02, 0.635299847726, 
1.6e+02, 0.657989128002, 
1.6e+02, 0.66933376814, 
1.6e+02, 0.683514568312, 
1.6e+02, 0.680678408278, 
1.6e+02, 0.686350728347, 
1.6e+02, 0.61261056745, 
1.6e+02, 0.487819525932, 
1.6e+02, 0.340339204139, 
1.6e+02, 0.317649923863, 
1.6e+02, 0.348847684242, 
1.6e+02, 0.283616003449, 
1.6e+02, 0.266599043242, 
1.6e+02, 0.317649923863, 
1.6e+02, 0.306305283725, 
1.7e+02, 0.232565122828, 
1.7e+02, 0.192858882345, 
1.7e+02, 0.170169602069, 
1.7e+02, 0.204203522483, 
1.7e+02, 0.266599043242, 
1.7e+02, 0.363028484415, 
1.7e+02, 0.459457925588, 
1.7e+02, 0.453785605519, 
1.7e+02, 0.397062404829, 
1.7e+02, 0.363028484415, 
1.7e+02, 0.348847684242, 
1.7e+02, 0.385717764691, 
1.7e+02, 0.397062404829, 
1.7e+02, 0.33466688407, 
1.7e+02, 0.33466688407, 
1.7e+02, 0.419751685105, 
1.7e+02, 0.419751685105, 
1.7e+02, 0.397062404829, 
1.7e+02, 0.363028484415, 
1.7e+02, 0.340339204139, 
1.7e+02, 0.385717764691, 
1.7e+02, 0.385717764691, 
1.7e+02, 0.39139008476, 
1.7e+02, 0.39139008476, 
1.7e+02, 0.408407044967, 
1.7e+02, 0.374373124553, 
1.7e+02, 0.348847684242, 
1.7e+02, 0.33466688407, 
1.7e+02, 0.311977603794, 
1.7e+02, 0.374373124553, 
1.7e+02, 0.374373124553, 
1.7e+02, 0.385717764691, 
1.7e+02, 0.39139008476, 
1.7e+02, 0.385717764691, 
1.7e+02, 0.380045444622, 
1.7e+02, 0.363028484415, 
1.7e+02, 0.414079365036, 
1.7e+02, 0.504836486139, 
1.7e+02, 0.55588736676, 
1.7e+02, 0.55588736676, 
1.7e+02, 0.578576647036, 
1.7e+02, 0.516181126277, 
1.7e+02, 0.408407044967, 
1.7e+02, 0.306305283725, 
1.7e+02, 0.215548162621, 
1.7e+02, 0.192858882345, 
1.7e+02, 0.294960643587, 
1.7e+02, 0.385717764691, 
1.7e+02, 0.385717764691, 
1.7e+02, 0.33466688407, 
1.7e+02, 0.294960643587, 
1.7e+02, 0.340339204139, 
1.7e+02, 0.425424005174, 
1.7e+02, 0.493491846001, 
1.7e+02, 0.550215046691, 
1.7e+02, 0.516181126277, 
1.7e+02, 0.408407044967, 
1.8e+02, 0.323322243932, 
1.8e+02, 0.226892802759, 
1.8e+02, 0.164497282, 
1.8e+02, 0.124791041518, 
1.8e+02, 0.147480321794, 
1.8e+02, 0.255254403104, 
1.8e+02, 0.374373124553, 
1.8e+02, 0.442440965381, 
1.8e+02, 0.487819525932, 
1.8e+02, 0.538870406553, 
1.8e+02, 0.595593607243, 
1.8e+02, 0.640972167795, 
1.8e+02, 0.63813600776, 
1.8e+02, 0.646644487864, 
1.8e+02, 0.646644487864, 
1.8e+02, 0.632463687691, 
1.8e+02, 0.578576647036, 
1.8e+02, 0.44811328545, 
1.8e+02, 0.306305283725, 
1.8e+02, 0.192858882345, 
1.8e+02, 0.170169602069, 
1.8e+02, 0.192858882345, 
1.8e+02, 0.260926723173, 
1.8e+02, 0.340339204139, 
1.8e+02, 0.323322243932, 
1.8e+02, 0.354520004311, 
1.8e+02, 0.425424005174, 
1.8e+02, 0.408407044967, 
1.8e+02, 0.39139008476, 
1.8e+02, 0.431096325243, 
1.8e+02, 0.465130245656, 
1.8e+02, 0.39139008476, 
1.8e+02, 0.397062404829, 
1.8e+02, 0.380045444622, 
1.8e+02, 0.300632963656, 
1.8e+02, 0.289288323518, 
1.8e+02, 0.306305283725, 
1.8e+02, 0.357356164346, 
1.8e+02, 0.363028484415, 
1.8e+02, 0.363028484415, 
1.8e+02, 0.374373124553, 
1.8e+02, 0.368700804484, 
1.8e+02, 0.419751685105, 
1.8e+02, 0.479311045829, 
1.8e+02, 0.487819525932, 
1.8e+02, 0.487819525932, 
1.8e+02, 0.459457925588, 
1.8e+02, 0.388553924725, 
1.8e+02, 0.39139008476, 
1.8e+02, 0.431096325243, 
1.8e+02, 0.402734724898, 
1.8e+02, 0.294960643587, 
1.8e+02, 0.249582083035, 
1.8e+02, 0.272271363311, 
1.8e+02, 0.33466688407, 
1.8e+02, 0.317649923863, 
1.8e+02, 0.306305283725, 
1.9e+02, 0.266599043242, 
1.9e+02, 0.266599043242, 
1.9e+02, 0.272271363311, 
1.9e+02, 0.266599043242, 
1.9e+02, 0.283616003449, 
1.9e+02, 0.300632963656, 
1.9e+02, 0.300632963656, 
1.9e+02, 0.300632963656, 
1.9e+02, 0.289288323518, 
1.9e+02, 0.275107523346, 
1.9e+02, 0.272271363311, 
1.9e+02, 0.294960643587, 
1.9e+02, 0.309141443759, 
1.9e+02, 0.300632963656, 
1.9e+02, 0.289288323518, 
1.9e+02, 0.306305283725, 
1.9e+02, 0.300632963656, 
1.9e+02, 0.289288323518, 
1.9e+02, 0.297796803622, 
1.9e+02, 0.323322243932, 
1.9e+02, 0.306305283725, 
1.9e+02, 0.294960643587, 
1.9e+02, 0.306305283725, 
1.9e+02, 0.323322243932, 
1.9e+02, 0.328994564001, 
1.9e+02, 0.317649923863, 
1.9e+02, 0.306305283725, 
1.9e+02, 0.303469123691, 
1.9e+02, 0.317649923863, 
1.9e+02, 0.328994564001, 
1.9e+02, 0.328994564001, 
1.9e+02, 0.328994564001, 
1.9e+02, 0.340339204139, 
1.9e+02, 0.397062404829, 
1.9e+02, 0.459457925588, 
1.9e+02, 0.504836486139, 
1.9e+02, 0.533198086484, 
1.9e+02, 0.55588736676, 
1.9e+02, 0.567232006898, 
1.9e+02, 0.550215046691, 
1.9e+02, 0.578576647036, 
1.9e+02, 0.589921287174, 
1.9e+02, 0.589921287174, 
1.9e+02, 0.567232006898, 
1.9e+02, 0.544542726622, 
1.9e+02, 0.504836486139, 
1.9e+02, 0.561559686829, 
1.9e+02, 0.623955207588, 
1.9e+02, 0.61261056745, 
1.9e+02, 0.652316807933, 
1.9e+02, 0.632463687691, 
1.9e+02, 0.589921287174, 
1.9e+02, 0.533198086484, 
1.9e+02, 0.436768645312, 
1.9e+02, 0.337503044104, 
1.9e+02, 0.363028484415, 
1.9e+02, 0.476474885794, 
1.9e+02, 0.544542726622, 
2e+02, 0.601265927312, 
2e+02, 0.652316807933, 
2e+02, 0.666497608105, 
2e+02, 0.623955207588, 
2e+02, 0.66933376814, 
2e+02, 0.723220808795, 
2e+02, 0.748746249106, 
2e+02, 0.703367688554, 
2e+02, 0.652316807933, 
2e+02, 0.606938247381, 
2e+02, 0.561559686829, 
2e+02, 0.493491846001, 
2e+02, 0.510508806208, 
2e+02, 0.589921287174, 
2e+02, 0.635299847726, 
2e+02, 0.657989128002, 
2e+02, 0.675006088209, 
2e+02, 0.692023048416, 
2e+02, 0.646644487864, 
2e+02, 0.601265927312, 
2e+02, 0.533198086484, 
2e+02, 0.431096325243, 
2e+02, 0.260926723173, 
2e+02, 0.130463361587, 
2e+02, 0.0, 
2e+02, -0.0567232006898, 
2e+02, -0.102101761242, 
2e+02, -0.170169602069, 
2e+02, -0.243909762966, 
2e+02, -0.351683844277, 
2e+02, -0.44811328545, 
2e+02, -0.584248967105, 
2e+02, -0.760090889244, 
2e+02, -0.794124809657, 
2e+02, -0.799797129726, 
2e+02, -0.828158730071, 
2e+02, -0.884881930761, 
2e+02, 0.0, 
2e+02, 0.0, 
2e+02, 0.0, 
2e+02, 0.0, 
2e+02, 0.0, 
2e+02, 0.0, 
2e+02, 0.0, 
2e+02, 0.0, 
2e+02, -0.884881930761, 
2e+02, 0.0, 
2e+02, 0.0, 
2e+02, 0.0, 
2e+02, 0.0, 
2e+02, 0.0, 
2e+02, 0.0, 
2e+02, 0.0, 
2e+02, 0.0, 
2e+02, 0.0, 
2e+02, 0.0, 
2e+02, 0.0, 
2e+02, 0.0, 
2.1e+02, -0.822486410002, 
2.1e+02, -0.765763209313, 
2.1e+02, -0.714712328692, 
2.1e+02, -0.737401608968, 
2.1e+02, -0.805469449795, 
2.1e+02, -0.850848010347, 
2.1e+02, -0.896226570899, 
2.1e+02, 0.850848010347, 
2.1e+02, 0.748746249106, 
2.1e+02, 0.754418569175, 
2.1e+02, 0.782780169519, 
2.1e+02, 0.765763209313, 
2.1e+02, 0.760090889244, 
2.1e+02, 0.782780169519, 
2.1e+02, 0.811141769864, 
2.1e+02, -0.700531528519, 
2.1e+02, -0.632463687691, 
2.1e+02, -0.621119047553, 
2.1e+02, -0.649480647898, 
2.1e+02, -0.629627527657, 
2.1e+02, -0.592757447209, 
2.1e+02, -0.567232006898, 
2.1e+02, -0.513344966243, 
2.1e+02, -0.442440965381, 
2.1e+02, -0.340339204139, 
2.1e+02, -0.22122048269, 
2.1e+02, -0.215548162621, 
2.1e+02, -0.283616003449, 
2.1e+02, -0.249582083035, 
2.1e+02, -0.158824961931, 
2.1e+02, -0.0453785605519, 
2.1e+02, -0.0170169602069, 
2.1e+02, -0.0226892802759, 
2.1e+02, -0.0453785605519, 
2.1e+02, 0.011344640138, 
2.1e+02, 0.0964294411727, 
2.1e+02, 0.130463361587, 
2.1e+02, 0.209875842552, 
2.1e+02, 0.249582083035, 
2.1e+02, 0.272271363311, 
2.1e+02, 0.283616003449, 
2.1e+02, 0.300632963656, 
2.1e+02, 0.306305283725, 
2.1e+02, 0.300632963656, 
2.1e+02, 0.289288323518, 
2.1e+02, 0.283616003449, 
2.1e+02, 0.320486083897, 
2.1e+02, 0.39139008476, 
2.1e+02, 0.484983365898, 
2.1e+02, 0.592757447209, 
2.1e+02, 0.697695368485, 
2.1e+02, 0.774271689416, 
2.1e+02, 0.805469449795, 
2.1e+02, 0.816814089933, 
2.1e+02, 0.839503370209, 
2.1e+02, 0.83383105014, 
2.1e+02, 0.828158730071, 
2.2e+02, 0.762927049278, 
2.2e+02, 0.692023048416, 
2.2e+02, 0.652316807933, 
2.2e+02, 0.635299847726, 
2.2e+02, 0.601265927312, 
2.2e+02, 0.584248967105, 
2.2e+02, 0.564395846864, 
2.2e+02, 0.521853446346, 
2.2e+02, 0.442440965381, 
2.2e+02, 0.272271363311, 
2.2e+02, 0.0964294411727, 
2.2e+02, 0.107774081311, 
2.2e+02, 0.235401282863, 
2.2e+02, 0.346011524208, 
2.2e+02, 0.363028484415, 
2.2e+02, 0.249582083035, 
2.2e+02, 0.192858882345, 
2.2e+02, 0.204203522483, 
2.2e+02, 0.209875842552, 
2.2e+02, 0.243909762966, 
2.2e+02, 0.266599043242, 
2.2e+02, 0.306305283725, 
2.2e+02, 0.294960643587, 
2.2e+02, 0.272271363311, 
2.2e+02, 0.255254403104, 
2.2e+02, 0.238237442897, 
2.2e+02, 0.238237442897, 
2.2e+02, -0.765763209313, 
2.2e+02, 0.215548162621, 
2.2e+02, 0.192858882345, 
2.2e+02, 0.167333442035, 
2.2e+02, 0.130463361587, 
2.2e+02, 0.153152641863, 
2.2e+02, 0.175841922138, 
2.2e+02, 0.147480321794, 
2.2e+02, 0.136135681656, 
2.2e+02, 0.119118721449, 
2.2e+02, 0.11344640138, 
2.2e+02, 0.119118721449, 
2.2e+02, 0.124791041518, 
2.2e+02, 0.130463361587, 
2.2e+02, 0.130463361587, 
2.2e+02, 0.130463361587, 
2.2e+02, 0.119118721449, 
2.2e+02, 0.107774081311, 
2.2e+02, 0.107774081311, 
2.2e+02, 0.102101761242, 
2.2e+02, 0.0964294411727, 
2.2e+02, 0.130463361587, 
2.2e+02, 0.133299521621, 
2.2e+02, 0.175841922138, 
2.2e+02, 0.238237442897, 
2.2e+02, 0.300632963656, 
2.2e+02, 0.351683844277, 
2.2e+02, 0.385717764691, 
2.2e+02, 0.425424005174, 
2.2e+02, 0.462294085622, 
2.2e+02, 0.476474885794, 
2.3e+02, 0.493491846001, 
2.3e+02, 0.496328006036, 
2.3e+02, 0.487819525932, 
2.3e+02, 0.493491846001, 
2.3e+02, 0.49916416607, 
2.3e+02, 0.482147205863, 
2.3e+02, 0.459457925588, 
2.3e+02, 0.402734724898, 
2.3e+02, 0.311977603794, 
2.3e+02, 0.204203522483, 
2.3e+02, 0.124791041518, 
2.3e+02, 0.147480321794, 
2.3e+02, 0.192858882345, 
2.3e+02, 0.226892802759, 
2.3e+02, 0.192858882345, 
2.3e+02, 0.13897184169, 
2.3e+02, 0.0822486410002, 
2.3e+02, 0.0283616003449, 
2.3e+02, 0.0226892802759, 
2.3e+02, 0.0794124809657, 
2.3e+02, 0.0680678408278, 
2.3e+02, 0.0340339204139, 
2.3e+02, 0.0340339204139, 
2.3e+02, 0.0794124809657, 
2.3e+02, 0.181514242207, 
2.3e+02, 0.192858882345, 
2.3e+02, 0.19569504238, 
2.3e+02, 0.294960643587, 
2.3e+02, 0.402734724898, 
2.3e+02, 0.510508806208, 
2.3e+02, 0.623955207588, 
2.3e+02, 0.714712328692, 
2.3e+02, 0.680678408278, 
2.3e+02, 0.618282887519, 
2.3e+02, 0.544542726622, 
2.3e+02, 0.487819525932, 
2.3e+02, 0.516181126277, 
2.3e+02, 0.567232006898, 
2.3e+02, 0.567232006898, 
2.3e+02, 0.487819525932, 
2.3e+02, 0.487819525932, 
2.3e+02, 0.510508806208, 
2.3e+02, 0.49916416607, 
2.3e+02, 0.453785605519, 
2.3e+02, 0.340339204139, 
2.3e+02, 0.22122048269, 
2.3e+02, 0.136135681656, 
2.3e+02, 0.136135681656, 
2.3e+02, 0.243909762966, 
2.3e+02, 0.283616003449, 
2.3e+02, 0.340339204139, 
2.3e+02, 0.397062404829, 
2.3e+02, 0.442440965381, 
2.3e+02, 0.516181126277, 
2.3e+02, 0.592757447209, 
2.3e+02, 0.623955207588, 
2.3e+02, 0.652316807933, 
2.3e+02, 0.652316807933, 
2.4e+02, 0.646644487864, 
2.4e+02, 0.589921287174, 
2.4e+02, 0.575740487002, 
2.4e+02, 0.561559686829, 
2.4e+02, 0.570068166933, 
2.4e+02, 0.646644487864, 
2.4e+02, -0.300632963656, 
2.4e+02, 0.589921287174, 
2.4e+02, 0.604102087347, 
2.4e+02, 0.609774407416, 
2.4e+02, 0.623955207588, 
2.4e+02, 0.567232006898, 
2.4e+02, -0.255254403104, 
2.4e+02, 0.436768645312, 
2.4e+02, 0.470802565725, 
2.4e+02, 0.453785605519, 
2.4e+02, 0.431096325243, 
2.4e+02, 0.408407044967, 
2.4e+02, 0.311977603794, 
2.4e+02, 0.204203522483, 
2.4e+02, 0.11344640138, 
2.4e+02, 0.0680678408278, 
2.4e+02, 0.102101761242, 
2.4e+02, 0.175841922138, 
2.4e+02, 0.198531202414, 
2.4e+02, 0.204203522483, 
2.4e+02, 0.187186562276, 
2.4e+02, 0.215548162621, 
2.4e+02, 0.226892802759, 
2.4e+02, 0.192858882345, 
2.4e+02, 0.181514242207, 
2.4e+02, 0.170169602069, 
2.4e+02, 0.175841922138, 
2.4e+02, 0.204203522483, 
2.4e+02, 0.158824961931, 
2.4e+02, 0.116282561414, 
2.4e+02, 0.0510508806208, 
2.4e+02, 0.011344640138, 
2.4e+02, -0.011344640138, 
2.4e+02, 0.0, 
2.4e+02, -0.476474885794, 
2.4e+02, -0.431096325243, 
2.4e+02, -0.431096325243, 
2.4e+02, -0.470802565725, 
2.4e+02, -0.49916416607, 
2.4e+02, -0.516181126277, 
2.4e+02, -0.510508806208, 
2.4e+02, 0.328994564001, 
2.4e+02, 0.238237442897, 
2.4e+02, 0.238237442897, 
2.4e+02, 0.243909762966, 
2.4e+02, 0.249582083035, 
2.4e+02, 0.260926723173, 
2.4e+02, 0.306305283725, 
2.4e+02, 0.351683844277, 
2.4e+02, 0.397062404829, 
2.4e+02, 0.408407044967, 
2.5e+02, 0.380045444622, 
2.5e+02, 0.414079365036, 
2.5e+02, 0.453785605519, 
2.5e+02, 0.482147205863, 
2.5e+02, 0.465130245656, 
2.5e+02, 0.380045444622, 
2.5e+02, 0.260926723173, 
2.5e+02, 0.164497282, 
2.5e+02, 0.102101761242, 
2.5e+02, -0.69485920845, 
2.5e+02, -0.635299847726, 
2.5e+02, -0.618282887519, 
2.5e+02, -0.567232006898, 
2.5e+02, -0.558723526795, 
2.5e+02, -0.510508806208, 
2.5e+02, -0.465130245656, 
2.5e+02, -0.408407044967, 
2.5e+02, -0.326158403966, 
2.5e+02, -0.255254403104, 
2.5e+02, -0.181514242207, 
2.5e+02, -0.11344640138, 
2.5e+02, -0.0397062404829, 
2.5e+02, 0.0397062404829, 
2.5e+02, 0.0680678408278, 
2.5e+02, 0.0794124809657, 
2.5e+02, 0.102101761242, 
2.5e+02, 0.124791041518, 
2.5e+02, 0.153152641863, 
2.5e+02, 0.178678082173, 
2.5e+02, 0.204203522483, 
2.5e+02, 0.241073602932, 
2.5e+02, 0.266599043242, 
2.5e+02, 0.311977603794, 
2.5e+02, 0.306305283725, 
2.5e+02, 0.306305283725, 
2.5e+02, 0.311977603794, 
2.5e+02, 0.363028484415, 
2.5e+02, 0.436768645312, 
2.5e+02, 0.493491846001, 
2.5e+02, 0.550215046691, 
2.5e+02, 0.592757447209, 
2.5e+02, 0.58708512714, 
2.5e+02, 0.595593607243, 
2.5e+02, 0.606938247381, 
2.5e+02, 0.61261056745, 
2.5e+02, 0.55588736676, 
2.5e+02, 0.516181126277, 
2.5e+02, 0.49916416607, 
2.5e+02, 0.487819525932, 
2.5e+02, 0.425424005174, 
2.5e+02, 0.340339204139, 
2.5e+02, 0.255254403104, 
2.5e+02, 0.249582083035, 
2.5e+02, 0.215548162621, 
2.5e+02, 0.150316481828, 
2.5e+02, 0.164497282, 
2.5e+02, 0.147480321794, 
2.5e+02, 0.130463361587, 
2.6e+02, 0.119118721449, 
2.6e+02, 0.11344640138, 
2.6e+02, 0.102101761242, 
2.6e+02, 0.0907571211037, 
2.6e+02, 0.136135681656, 
2.6e+02, 0.124791041518, 
2.6e+02, 0.153152641863, 
2.6e+02, 0.153152641863, 
2.6e+02, 0.136135681656, 
2.6e+02, 0.11344640138, 
2.6e+02, 0.11344640138, 
2.6e+02, 0.11344640138, 
2.6e+02, 0.11344640138, 
2.6e+02, 0.124791041518, 
2.6e+02, 0.110610241345, 
2.6e+02, 0.11344640138, 
2.6e+02, 0.11344640138, 
2.6e+02, 0.11344640138, 
2.6e+02, 0.11344640138, 
2.6e+02, 0.107774081311, 
2.6e+02, 0.0964294411727, 
2.6e+02, 0.0907571211037, 
2.6e+02, 0.0907571211037, 
2.6e+02, 0.0964294411727, 
2.6e+02, 0.0850848010347, 
2.6e+02, 0.0907571211037, 
2.6e+02, 0.0964294411727, 
2.6e+02, 0.107774081311, 
2.6e+02, 0.107774081311, 
2.6e+02, 0.107774081311, 
2.6e+02, 0.119118721449, 
2.6e+02, 0.119118721449, 
2.6e+02, 0.119118721449, 
2.6e+02, 0.124791041518, 
2.6e+02, 0.167333442035, 
2.6e+02, 0.232565122828, 
2.6e+02, 0.249582083035, 
2.6e+02, 0.260926723173, 
2.6e+02, 0.255254403104, 
2.6e+02, 0.303469123691, 
2.6e+02, 0.374373124553, 
2.6e+02, 0.436768645312, 
2.6e+02, 0.425424005174, 
2.6e+02, 0.385717764691, 
2.6e+02, 0.385717764691, 
2.6e+02, 0.436768645312, 
2.6e+02, 0.453785605519, 
2.6e+02, 0.397062404829, 
2.6e+02, 0.283616003449, 
2.6e+02, 0.170169602069, 
2.6e+02, 0.0567232006898, 
2.6e+02, 0.0283616003449, 
2.6e+02, 0.011344640138, 
2.6e+02, 0.0595593607243, 
2.6e+02, 0.102101761242, 
2.6e+02, 0.119118721449, 
2.6e+02, 0.11344640138, 
2.7e+02, 0.0907571211037, 
2.7e+02, 0.107774081311, 
2.7e+02, 0.136135681656, 
2.7e+02, 0.107774081311, 
2.7e+02, 0.11344640138, 
2.7e+02, 0.0907571211037, 
2.7e+02, 0.0794124809657, 
2.7e+02, 0.153152641863, 
2.7e+02, 0.175841922138, 
2.7e+02, 0.175841922138, 
2.7e+02, 0.192858882345, 
2.7e+02, 0.170169602069, 
2.7e+02, 0.187186562276, 
2.7e+02, 0.158824961931, 
2.7e+02, 0.130463361587, 
2.7e+02, 0.0907571211037, 
2.7e+02, 0.0907571211037, 
2.7e+02, 0.102101761242, 
2.7e+02, 0.0567232006898, 
2.7e+02, 0.011344640138, 
2.7e+02, 0.011344640138, 
2.7e+02, -0.0283616003449, 
2.7e+02, -0.0283616003449, 
2.7e+02, -0.0680678408278, 
2.7e+02, -0.0794124809657, 
2.7e+02, -0.119118721449, 
2.7e+02, -0.187186562276, 
2.7e+02, -0.198531202414, 
2.7e+02, -0.153152641863, 
2.7e+02, -0.192858882345, 
2.7e+02, -0.243909762966, 
2.7e+02, -0.27794368338, 
2.7e+02, -0.283616003449, 
2.7e+02, -0.328994564001, 
2.7e+02, -0.357356164346, 
2.7e+02, -0.351683844277, 
2.7e+02, -0.27794368338, 
2.7e+02, -0.226892802759, 
2.7e+02, -0.158824961931, 
2.7e+02, -0.107774081311, 
2.7e+02, -0.0964294411727, 
2.7e+02, -0.0794124809657, 
2.7e+02, -0.0680678408278, 
2.7e+02, -0.0567232006898, 
2.7e+02, -0.0567232006898, 
2.7e+02, -0.0510508806208, 
2.7e+02, -0.0283616003449, 
2.7e+02, -0.0226892802759, 
2.7e+02, -0.0226892802759, 
2.7e+02, -0.0397062404829, 
2.7e+02, -0.0226892802759, 
2.7e+02, -0.0226892802759, 
2.7e+02, -0.0340339204139, 
2.7e+02, -0.0453785605519, 
2.7e+02, -0.0510508806208, 
2.7e+02, -0.0567232006898, 
2.7e+02, -0.0680678408278, 
2.7e+02, -0.0737401608968, 
2.8e+02, -0.0595593607243, 
2.8e+02, 0.0, 
2.8e+02, 0.0623955207588, 
2.8e+02, 0.136135681656, 
2.8e+02, 0.209875842552, 
2.8e+02, 0.249582083035, 
2.8e+02, 0.306305283725, 
2.8e+02, 0.351683844277, 
2.8e+02, 0.414079365036, 
2.8e+02, 0.462294085622, 
2.8e+02, 0.510508806208, 
2.8e+02, 0.561559686829, 
2.8e+02, 0.572904326967, 
2.8e+02, 0.567232006898, 
2.8e+02, 0.533198086484, 
2.8e+02, 0.453785605519, 
2.8e+02, 0.328994564001, 
2.8e+02, 0.27794368338, 
2.8e+02, 0.255254403104, 
2.8e+02, 0.243909762966, 
2.8e+02, 0.215548162621, 
2.8e+02, 0.226892802759, 
2.8e+02, 0.272271363311, 
2.8e+02, 0.323322243932, 
2.8e+02, 0.402734724898, 
2.8e+02, 0.510508806208, 
2.8e+02, 0.606938247381, 
2.8e+02, 0.686350728347, 
2.8e+02, 0.72605696883, 
2.8e+02, 0.731729288899, 
2.8e+02, 0.697695368485, 
2.8e+02, 0.663661448071, 
2.8e+02, 0.635299847726, 
2.8e+02, 0.601265927312, 
2.8e+02, 0.589921287174, 
2.8e+02, 0.578576647036, 
2.8e+02, 0.601265927312, 
2.8e+02, 0.55588736676, 
2.8e+02, 0.414079365036, 
2.8e+02, 0.27794368338, 
2.8e+02, 0.153152641863, 
2.8e+02, 0.0226892802759, 
2.8e+02, -0.0794124809657, 
2.8e+02, -0.141808001725, 
2.8e+02, -0.175841922138, 
2.8e+02, -0.164497282, 
2.8e+02, -0.153152641863, 
2.8e+02, -0.158824961931, 
2.8e+02, -0.158824961931, 
2.8e+02, -0.130463361587, 
2.8e+02, -0.11344640138, 
2.8e+02, -0.11344640138, 
2.8e+02, -0.107774081311, 
2.8e+02, -0.11344640138, 
2.8e+02, -0.107774081311, 
2.8e+02, -0.11344640138, 
2.8e+02, -0.11344640138, 
2.8e+02, -0.11344640138, 
2.9e+02, -0.11344640138, 
2.9e+02, -0.107774081311, 
2.9e+02, -0.107774081311, 
2.9e+02, -0.102101761242, 
2.9e+02, -0.0907571211037, 
2.9e+02, -0.0794124809657, 
2.9e+02, -0.0794124809657, 
2.9e+02, -0.0737401608968, 
2.9e+02, -0.0680678408278, 
2.9e+02, -0.0680678408278, 
2.9e+02, -0.0567232006898, 
2.9e+02, -0.0623955207588, 
2.9e+02, -0.0510508806208, 
2.9e+02, -0.0453785605519, 
2.9e+02, -0.0397062404829, 
2.9e+02, -0.0397062404829, 
2.9e+02, -0.0340339204139, 
2.9e+02, -0.0311977603794, 
2.9e+02, -0.0283616003449, 
2.9e+02, -0.0283616003449, 
2.9e+02, -0.0340339204139, 
2.9e+02, -0.0226892802759, 
2.9e+02, -0.0226892802759, 
2.9e+02, -0.0226892802759, 
2.9e+02, -0.0283616003449, 
2.9e+02, -0.0283616003449, 
2.9e+02, -0.0226892802759, 
2.9e+02, -0.0226892802759, 
2.9e+02, -0.011344640138, 
2.9e+02, -0.0226892802759, 
2.9e+02, -0.011344640138, 
2.9e+02, 0.00567232006898, 
2.9e+02, 0.00567232006898, 
2.9e+02, 0.0, 
2.9e+02, 0.0, 
2.9e+02, 0.011344640138, 
2.9e+02, 0.0, 
2.9e+02, 0.00567232006898, 
2.9e+02, 0.00850848010347, 
2.9e+02, -0.00567232006898, 
2.9e+02, 0.0, 
2.9e+02, 0.0, 
2.9e+02, -0.011344640138, 
2.9e+02, -0.011344640138, 
2.9e+02, -0.0170169602069, 
2.9e+02, -0.0170169602069, 
2.9e+02, -0.011344640138, 
2.9e+02, -0.011344640138, 
2.9e+02, 0.0, 
2.9e+02, -0.011344640138, 
2.9e+02, -0.011344640138, 
2.9e+02, -0.00567232006898, 
2.9e+02, -0.011344640138, 
2.9e+02, -0.011344640138, 
2.9e+02, 0.0, 
2.9e+02, -0.011344640138, 
2.9e+02, -0.011344640138, 
3e+02, -0.011344640138, 
3e+02, 0.0, 
3e+02, -0.00567232006898, 
3e+02, 0.0, 
3e+02, 0.011344640138, 
3e+02, 0.011344640138, 
3e+02, 0.00567232006898, 
3e+02, 0.011344640138, 
3e+02, 0.011344640138, 
3e+02, 0.00567232006898, 
3e+02, 0.011344640138, 
3e+02, 0.0170169602069, 
3e+02, 0.011344640138, 
3e+02, 0.0170169602069, 
3e+02, 0.011344640138, 
3e+02, 0.0226892802759, 
3e+02, 0.0283616003449, 
3e+02, 0.0340339204139, 
3e+02, 0.0283616003449, 
3e+02, 0.0226892802759, 
3e+02, 0.0340339204139, 
3e+02, 0.0340339204139, 
3e+02, 0.0397062404829, 
3e+02, 0.0340339204139, 
3e+02, 0.0283616003449, 
3e+02, 0.0397062404829, 
3e+02, 0.0397062404829, 
3e+02, 0.0283616003449, 
3e+02, 0.0283616003449, 
3e+02, 0.0283616003449, 
3e+02, 0.0283616003449, 
3e+02, 0.0340339204139, 
3e+02, 0.0283616003449, 
3e+02, 0.0226892802759, 
3e+02, 0.0226892802759, 
3e+02, 0.0340339204139, 
3e+02, 0.0226892802759, 
3e+02, 0.0283616003449, 
3e+02, 0.0170169602069, 
3e+02, 0.0170169602069, 
3e+02, 0.011344640138, 
3e+02, 0.0226892802759, 
3e+02, 0.0226892802759, 
3e+02, 0.0170169602069, 
3e+02, 0.0226892802759, 
3e+02, 0.0226892802759, 
3e+02, 0.0226892802759, 
3e+02, 0.0283616003449, 
3e+02, 0.0283616003449, 
3e+02, 0.0340339204139, 
3e+02, 0.0340339204139, 
3e+02, 0.0397062404829, 
3e+02, 0.0340339204139, 
3e+02, 0.0283616003449, 
3e+02, 0.0170169602069, 
3e+02, 0.0226892802759, 
3e+02, 0.0226892802759, 
3e+02, 0.0226892802759, 
3.1e+02, 0.0340339204139, 
3.1e+02, 0.0340339204139, 
3.1e+02, 0.0170169602069, 
3.1e+02, 0.0170169602069, 
3.1e+02, 0.0226892802759, 
3.1e+02, 0.0283616003449, 
3.1e+02, 0.0453785605519, 
3.1e+02, 0.0340339204139, 
3.1e+02, 0.0283616003449, 
3.1e+02, 0.0170169602069, 
3.1e+02, 0.0226892802759, 
3.1e+02, 0.0283616003449, 
3.1e+02, 0.0283616003449, 
3.1e+02, 0.0170169602069, 
3.1e+02, 0.011344640138, 
3.1e+02, 0.011344640138, 
3.1e+02, 0.0226892802759, 
3.1e+02, 0.0170169602069, 
3.1e+02, 0.0226892802759, 
3.1e+02, 0.0226892802759, 
3.1e+02, 0.0226892802759, 
3.1e+02, 0.011344640138, 
3.1e+02, 0.0170169602069, 
3.1e+02, 0.0226892802759, 
3.1e+02, 0.0170169602069, 
3.1e+02, 0.011344640138, 
3.1e+02, 0.011344640138, 
3.1e+02, 0.0226892802759, 
3.1e+02, 0.0226892802759, 
3.1e+02, 0.0170169602069, 
