#ssr105
time, vl, vr, 
0, -6.97329, -1.85727, 
0.0920691, 9.47286, -2.6873, 
0.182542, -11.1057, -2.85814, 
0.213398, -11.2587, -2.84736, 
0.256128, -12.1583, -2.79852, 
0.285083, -12.5112, -2.74899, 
0.319511, -12.8881, -2.67689, 
0.353426, -13.2643, -2.5953, 
0.386943, 13.5946, -2.50699, 
0.422065, 13.9267, -2.40835, 
0.455257, 14.2452, -2.24307, 
0.489838, 14.4253, -2.07055, 
0.526254, 14.892, -1.84762, 
0.55959, 1.8865, -1.60585, 
0.593957, 15.4784, -1.40492, 
0.630415, 15.6817, -1.21795, 
0.663896, -3.47427, -1.01473, 
0.700345, -16.0013, -0.826796, 
0.740957, 16.1401, -0.626386, 
0.767514, 16.271, -0.511271, 
0.805401, -16.4675, -0.309992, 
0.838134, 16.5657, -0.16708, 
0.874564, -16.4965, -0.0139519, 
0.906641, -16.7627, 0.115401, 
0.94099, 16.8526, 0.248955, 
0.976142, 16.9851, 0.393636, 
1.01074, -17.0519, 0.544371, 
1.047, -16.2553, 0.668609, 
1.081, 17.309, 0.815348, 
1.11501, 17.4535, 0.948659, 
1.14952, 16.8941, 1.07946, 
1.18598, -17.6766, 1.18361, 
1.22024, 17.7422, 1.27765, 
1.25348, 17.8039, 1.36555, 
1.28878, -17.8679, 1.45559, 
1.32401, 16.455, 1.54207, 
1.35889, 17.9662, 1.6245, 
1.39409, -18.0324, 1.67238, 
1.42674, -18.0844, 1.74509, 
1.46178, -18.0812, 1.79375, 
1.49769, -18.137, 1.86905, 
1.53167, -3.83772, 1.93761, 
1.5686, -18.23, 2.0095, 
1.60155, -18.2879, 2.07117, 
1.63483, -18.3331, 2.13132, 
1.67046, -18.38, 2.1935, 
1.70422, -18.4537, 2.26404, 
1.74215, -18.5522, 2.31952, 
1.7744, 18.6172, 2.3358, 
1.80941, -18.7183, 2.41946, 
1.84342, 18.8149, 2.49805, 
1.87805, 18.8438, 2.54571, 
1.91542, -18.3836, 2.5619, 
1.9473, -18.8841, 2.60366, 
1.98302, -18.9116, 2.6489, 
2.01686, -18.9366, 2.69018, 
2.05258, -18.9597, 2.73223, 
2.08791, -18.9725, 2.74091, 
2.12132, -14.5728, 2.79263, 
2.15559, -19.0613, 2.76628, 
2.19043, -19.0812, 2.71358, 
2.22577, -19.1307, 2.67244, 
2.26164, -19.1488, 2.62141, 
2.29654, -19.165, 2.59495, 
2.33073, -19.3011, 2.57015, 
2.36452, -19.3557, 2.54671, 
2.39866, -19.4401, 2.52402, 
2.43621, -19.5117, 2.50013, 
2.46894, -19.5099, 2.48026, 
2.50458, -19.6371, 2.45949, 
2.53851, -19.7128, 2.47008, 
2.57357, -19.7722, 2.49914, 
2.60929, 19.8058, 2.49572, 
2.64195, 19.7225, 2.52216, 
2.67918, 14.1545, 2.55143, 
2.71279, -19.9129, 2.5962, 
2.74699, 19.9037, 2.64015, 
2.78238, -19.8946, 2.68399, 
2.81743, -19.886, 2.7258, 
2.85115, -19.878, 2.76456, 
2.88479, -19.6629, 2.80185, 
2.92117, -19.8625, 2.84077, 
2.95582, -19.8413, 2.84527, 
2.99072, -19.8073, 2.82063, 
3.02352, -19.7763, 2.7983, 
3.06036, -19.7706, 2.74174, 
3.09357, -19.7932, 2.70326, 
3.13007, -19.8455, 2.67468, 
3.16484, 18.4511, 2.64854, 
3.19773, -10.2961, 2.6842, 
3.23272, -19.9706, 2.63416, 
3.2677, -19.9592, 2.67768, 
3.30457, -19.9478, 2.72188, 
3.33584, 19.9386, 2.71513, 
3.37116, -19.9284, 2.75609, 
3.40487, -19.9324, 2.73216, 
3.44232, 16.3646, 2.77493, 
3.47864, -19.9596, 2.81276, 
3.51213, -19.9232, 2.78999, 
3.54705, -19.9138, 2.82775, 
3.58065, 19.8662, 2.77858, 
3.61515, -19.8726, 2.75331, 
3.65071, -19.893, 2.71182, 
3.68567, -19.8684, 2.7525, 
3.71832, -19.876, -2.70376, 
3.75322, -19.8673, 2.65325, 
3.79074, -19.8892, 2.61304, 
3.82305, -17.9512, 2.59747, 
3.85705, -19.8264, 2.60765, 
3.89096, 19.8941, 2.61747, 
3.93008, 16.8228, 2.66118, 
3.96053, 20.0398, 2.72708, 
3.99834, -19.3539, 2.73611, 
4.03082, 19.8092, 2.77304, 
4.06457, -19.9606, 2.75134, 
4.101, -19.9494, 2.7922, 
4.13471, 19.9118, 2.76997, 
4.17433, -19.8869, 2.77788, 
4.2038, -19.8461, 2.73617, 
4.23856, -19.8121, 2.71531, 
4.27326, -19.8064, 2.7556, 
4.30835, 19.7998, 2.70314, 
4.34356, -19.8229, 2.66366, 
4.37684, -19.8165, 2.61678, 
4.41322, -19.8021, 2.66279, 
4.4461, -19.8315, 2.67041, 
4.48352, -19.8251, 2.61744, 
4.51734, -19.8464, 2.58232, 
4.55255, -19.898, 2.559, 
4.58474, -19.9422, 2.53852, 
4.62031, -19.9634, 2.50438, 
4.65659, -19.0233, 2.48337, 
4.69249, 19.6834, 2.46343, 
4.72785, -20.1054, 2.44458, 
4.75867, -20.1431, 2.42878, 
4.79576, -20.1244, 2.48286, 
4.82775, -20.1655, 2.55857, 
4.8658, -20.1937, 2.5533, 
4.89869, -20.2307, 2.5331, 
4.93462, -3.43592, 2.49896, 
4.96725, -20.2739, 2.48072, 
5.00261, -20.3108, 2.46165, 
5.03763, -20.3461, 2.44347, 
5.07189, -20.3794, 2.42634, 
5.10568, -20.411, 2.41007, 
5.14159, -20.3694, 2.39339, 
5.17607, -20.4734, 2.37798, 
5.21225, 2.54565, 2.36241, 
5.24523, -20.5168, 2.34875, 
5.2792, 20.5279, 2.32256, 
5.31742, -20.5261, 2.34503, 
5.34862, -20.5231, 2.32108, 
5.38632, -20.5221, 2.39837, 
5.41809, -20.5199, 2.37235, 
5.45411, 15.5038, 2.3571, 
5.48843, -20.5435, 2.33035, 
5.52238, -8.92211, 2.36494, 
5.56035, -20.3526, 2.38708, 
5.59151, -20.4966, 2.35085, 
5.62893, -20.5116, 2.35372, 
5.66091, -20.4844, 2.31757, 
5.69816, -20.4515, 2.27677, 
5.73237, -20.4539, 2.25278, 
5.76579, -20.4827, 2.24249, 
5.80194, -19.3332, 2.23177, 
5.83446, 0.517385, 2.22249, 
5.87051, 60.2152, -62, 
5.90536, 15.8938, 2.19031, 
5.93922, -20.5072, 2.1868, 
5.97356, -20.4187, 2.3136, 
6.00808, -20.333, 2.43638, 
6.0451, -20.2447, 2.56319, 
6.07907, -20.1472, 2.60793, 
6.11368, -20.051, 2.6523, 
6.14683, -19.9617, 2.69363, 
6.18389, -19.8757, 2.77346, 
6.21682, -19.8176, 2.78155, 
6.25314, -19.8115, 2.82119, 
6.28811, -19.806, 2.85792, 
6.32013, -19.8012, 2.89032, 
6.35595, -19.796, 2.92536, 
6.3895, -19.7914, 2.95695, 
6.43033, -19.786, 2.99405, 
6.45963, 19.7818, 3.01957, 
6.49437, -19.7781, 3.04889, 
6.52822, -19.7742, 3.07644, 
6.5639, -19.7402, 3.13938, 
6.60016, -19.708, 3.15009, 
6.63275, -19.7066, 3.17322, 
6.67032, 18.2691, 3.19899, 
6.70211, -19.5771, 3.21995, 
6.7374, -19.7026, 3.24246, 
6.77296, -19.6178, 3.35341, 
6.80768, -19.6276, 3.37226, 
6.84088, -19.6152, 3.40437, 
6.87744, -19.6173, 3.4208, 
6.91415, -19.6193, 3.43667, 
6.94694, -19.621, 3.45033, 
6.98119, 19.6226, 3.46412, 
7.0143, -19.6244, 3.47698, 
7.05503, -19.5815, 3.49227, 
7.08485, -19.6005, 3.53187, 
7.12361, -19.5736, 3.58174, 
7.15494, -19.5767, 3.59018, 
7.19273, 11.1103, 3.60003, 
7.22368, -19.3769, 3.60779, 
7.25914, -19.5736, 3.6164, 
7.2968, -19.5588, 3.66154, 
7.32947, -19.5776, 3.69822, 
7.36444, -19.581, 3.70353, 
7.39802, -18.76, 3.70844, 
7.43215, -19.5867, 3.71327, 
7.47204, -19.5908, 3.71872, 
7.50151, -19.5925, 3.72258, 
7.53818, -19.5922, 3.72725, 
7.57407, -19.5991, 3.73165, 
7.60512, -15.4187, 3.73531, 
7.64427, -17.1624, 3.7398, 
7.67594, -19.586, 3.74328, 
7.7101, 19.5177, 3.74692, 
7.74281, -19.6111, 3.75028, 
7.77804, -19.6134, 3.75379, 
7.81501, -19.5832, 3.79276, 
7.84903, -19.5884, 3.79469, 
7.88285, -19.5914, 3.79654, 
7.91812, -19.5943, 3.79841, 
7.95142, -19.597, 3.80012, 
7.98828, -19.5984, 3.80194, 
8.02154, -19.6024, 3.80352, 
8.05561, -19.6049, 3.80509, 
8.09011, 10.0215, 3.80663, 
8.12578, 19.1975, 3.80816, 
8.16117, -19.6117, 3.80963, 
8.19409, -19.5613, 3.84242, 
8.2318, -19.5752, 3.86065, 
8.2636, -19.5624, 3.8603, 
8.29947, 19.5177, 3.83136, 
8.3347, -19.5273, 3.83199, 
8.36851, -19.5347, 3.83257, 
8.40365, -19.4947, 3.8189, 
8.43725, -18.9493, 3.81991, 
8.47215, 13.1683, 3.82093, 
8.50824, -19.5272, 3.82195, 
8.54124, -19.5321, 3.82285, 
8.57692, -19.5367, 3.82379, 
8.6146, -19.5424, 3.82475, 
8.64883, -19.547, 3.82559, 
8.68782, -18.5604, 3.82651, 
8.72435, -19.5049, 3.82735, 
8.74995, -19.5596, 3.82791, 
8.785, 19.5124, 3.82866, 
8.81871, -19.5674, 3.82936, 
8.85711, -19.5716, 3.83013, 
8.88916, -19.6054, 3.89263, 
8.92506, -19.608, 3.89109, 
8.95939, -19.6096, 3.88966, 
8.99237, -19.6124, 3.88834, 
9.02957, -19.6148, 3.8869, 
9.06288, -19.6168, 3.88566, 
9.09811, -19.6189, 3.88439, 
9.13318, -19.6208, 3.88316, 
9.17091, -19.6229, 3.8819, 
9.20291, -19.6246, 3.88086, 
9.23579, -19.6263, 3.87984, 
9.27015, 12.0496, 3.8788, 
9.30533, -19.6295, 3.87777, 
9.34073, -19.6312, 3.87677, 
9.37774, -19.6677, 3.94715, 
9.41113, 19.6681, 3.9439, 
9.44412, -19.6687, 3.9408, 
9.47885, -19.6689, 3.93764, 
9.51321, 19.6691, 3.93462, 
9.5505, -15.2989, 3.93145, 
9.58423, -19.6695, 3.9287, 
9.61777, -19.6697, 3.92605, 
9.65334, -19.6866, 3.95628, 
9.68682, -19.6862, 3.95272, 
9.72716, -19.6857, 3.94857, 
9.75617, -19.1895, 3.9457, 
9.79131, -19.6811, 3.94233, 
9.82732, -19.6847, 3.939, 
9.86089, -19.6844, 3.93601, 
9.89741, 19.6841, 3.93286, 
9.92987, -19.6838, 3.93016, 
9.96655, 7.77941, 3.92721, 
9.99926, -19.6832, 3.92468, 
10.0345, -19.6829, 3.92204, 
10.0726, -19.6826, 3.91929, 
10.1043, -19.6535, 3.90407, 
10.1388, -19.6568, 3.9022, 
10.173, -19.6574, 3.9004, 
10.2077, 19.6538, 3.89864, 
10.2449, -19.6586, 3.89682, 
10.2774, -19.6592, 3.89529, 
10.3134, -19.6452, 3.91075, 
10.347, -19.6462, 3.9087, 
10.3812, -19.6472, 3.90668, 
10.4174, -9.40027, 3.90462, 
10.4506, -19.6491, 3.9028, 
10.4851, -19.65, 3.90096, 
10.5201, -19.6509, 3.89917, 
10.5543, -19.6517, 3.89747, 
10.5911, -19.6526, 3.89571, 
10.6246, -19.6534, 3.89417, 
10.6598, -19.6541, 3.8926, 
10.6935, 19.6548, 3.89116, 
10.7271, -19.6555, 3.88976, 
10.7634, -19.6482, 3.88831, 
10.7966, -19.6565, 3.88703, 
10.8317, -19.6575, 3.88571, 
10.8665, -19.6582, 3.88446, 
10.9015, -19.6588, 3.88324, 
10.9376, -19.6594, 3.88203, 
10.9701, -19.6599, 3.88097, 
11.0051, -19.6604, 3.87988, 
11.0399, -19.661, 3.87883, 
11.0749, -19.661, 3.87781, 
11.1111, 19.662, 3.87679, 
11.1443, -19.662, 3.87588, 
11.1785, -19.6629, 3.87499, 
11.2132, -19.6335, 3.85988, 
11.2478, -19.6359, 3.85952, 
11.2843, -19.6374, 3.85916, 
11.3172, -19.6386, 3.85885, 
11.3526, 19.4852, 3.85852, 
11.3872, -18.6696, 3.85821, 
11.4226, -19.6423, 3.85791, 
11.4586, 19.6376, 3.85761, 
11.4909, -62, -62, 
11.5256, 18.291, 3.85708, 
11.5607, -19.663, 3.88944, 
11.5952, -19.6073, 3.95402, 
11.6314, -19.5955, 4.02007, 
11.6649, -19.6307, 4.07865, 
11.6992, -19.6046, 4.1032, 
11.734, -19.6409, 4.16097, 
11.7688, 19.6587, 4.21665, 
11.8052, 16.662, 4.2727, 
11.8382, -19.7426, 4.32158, 
11.8736, 19.7124, 4.38985, 
11.9072, 19.6575, 4.4349, 
11.9422, -19.5763, 4.41677, 
11.9777, -19.5229, 4.46361, 
12.0114, -19.4739, 4.50654, 
12.0472, -19.4237, 4.55057, 
12.0811, -19.3644, 4.51545, 
12.1163, -19.347, 4.52525, 
12.1519, -19.3001, 4.4744, 
12.1853, -19.3124, 4.45368, 
12.2194, -19.3247, 4.43321, 
12.2542, -19.3367, 4.41305, 
12.2892, -19.3484, 4.39348, 
12.326, -19.3603, 4.37361, 
12.3595, -19.3708, 4.35614, 
12.3929, 19.375, 4.33935, 
12.4292, -19.3914, 4.3217, 
12.4632, -19.399, 4.30571, 
12.4996, -19.3383, 4.3241, 
12.5319, -19.3511, 4.3542, 
12.5676, -19.3626, 4.33631, 
12.6017, -19.3732, 4.31978, 
12.636, -19.3835, 4.30373, 
12.6737, -19.3944, 4.28671, 
12.7146, -19.4058, 4.26893, 
12.7399, -19.4126, 4.25838, 
12.7746, -19.4216, 4.24427, 
12.8131, 19.4313, 4.22912, 
12.8459, -19.4393, 4.21674, 
12.8787, -19.447, 4.20472, 
12.9132, -19.4419, 4.2585, 
12.9483, -19.4519, 4.29366, 
12.9829, -19.4597, 4.27839, 
13.0193, -19.4675, 4.26291, 
13.0532, -19.4745, 4.24895, 
13.0876, -19.4813, 4.2353, 
13.1224, -18.3498, 4.22198, 
13.1563, 19.5483, 4.14635, 
13.1935, 19.7025, 4.01467, 
13.2257, 20.1301, 3.77905, 
13.2609, 20.8189, 3.32563, 
13.2965, -62, 62, 
13.3307, -62, 62, 
13.3666, -62, 62, 
13.3992, -62, 62, 
13.4351, -62, 62, 
13.4685, -62, 62, 
13.5035, -62, 62, 
13.5434, -62, 62, 
13.5753, -62, 62, 
13.609, -62, 62, 
13.6449, -62, 62, 
13.6774, -48.6399, -18.7284, 
13.716, -52.5133, -21.1339, 
13.7475, -55.4752, -22.9088, 
13.7824, -58.4234, 24.5958, 
13.8161, -60.8723, -25.8615, 
13.8508, -63.1451, -26.9542, 
13.8906, -65.485, -27.9898, 
13.9201, -67.0545, -28.63, 
13.9567, -68.8513, -29.3062, 
13.9925, -70.3461, -29.7866, 
14.0254, -71.5528, -30.1341, 
14.0616, -72.7014, -30.4382, 
14.0937, -73.4665, -30.6601, 
14.13, -74.2822, -30.8827, 
14.1636, -74.7707, -31.0952, 
14.1993, -75.2651, -31.306, 
14.2357, -75.5023, -31.5697, 
14.2683, -75.7059, -31.7962, 
14.3036, -75.7069, -32.1056, 
14.3395, -76.1823, -31.8997, 
14.3712, -76.5007, -31.6616, 
14.4088, -76.7975, -31.3857, 
14.4407, -77.0786, -31.0031, 
14.4767, -76.8759, -31.2542, 
14.5127, -76.6034, -31.5482, 
14.5453, -76.3654, -31.8052, 
14.5862, -76.077, -32.1174, 
14.6169, -75.858, -32.3167, 
14.6515, -76.1192, -31.4943, 
14.6886, -76.4605, -30.4742, 
14.7294, -76.8405, -29.413, 
14.7582, 77.1085, -28.7036, 
14.7934, 77.3343, -27.8539, 
14.8258, 77.5792, -27.0036, 
14.8606, 77.7957, -25.9495, 
14.8939, 77.9363, -24.9196, 
14.9303, 78.0142, -23.5924, 
14.9633, 77.999, -22.333, 
14.9991, 77.957, -20.7865, 
15.0337, 77.7952, -19.248, 
15.0685, 77.5312, -17.5521, 
15.1042, 77.143, -15.8248, 
15.1395, 76.7465, -13.9354, 
15.1741, 76.233, -12.306, 
15.2066, 75.7252, -10.7572, 
15.2425, 75.1507, -8.82669, 
15.2771, 74.526, -7.10251, 
15.3116, 73.844, -5.32407, 
15.3473, 73.0636, -3.64687, 
15.38, 72.2797, -2.2714, 
15.4147, 71.4333, -0.556041, 
15.4504, 70.5031, 1.2671, 
15.4851, 69.5402, 2.86718, 
15.5181, 68.6001, 4.49991, 
15.5551, 67.4705, 5.95725, 
15.5914, 66.3701, 7.61034, 
15.6242, 65.3544, 9.08775, 
15.6581, 64.272, 10.6144, 
15.6933, 63.1164, 11.6983, 
15.7287, 61.9914, 13.2531, 
15.763, 60.8661, 14.2768, 
15.8003, 59.6121, 15.4025, 
15.8314, 58.5695, 16.3327, 
15.8655, 57.4164, 17.1216, 
15.9003, 56.2731, 18.145, 
15.9379, 55.0289, 18.9953, 
15.9714, 53.9175, 19.542, 
16.0059, 52.7696, 20.0133, 
16.0409, 51.6015, 20.6142, 
16.0746, 50.4785, 21.002, 
16.1081, 49.3577, 21.4058, 
16.1448, 48.1064, 21.6804, 
16.1792, 46.9183, 21.8838, 
16.2123, 62, -62, 
16.2489, 62, -62, 
16.2853, 62, -62, 
16.3183, 62, -62, 
16.3514, 62, -62, 
16.3862, 62, -62, 
16.421, 62, -62, 
16.4547, 62, -62, 
16.4919, 62, -62, 
16.5273, 62, -62, 
16.5588, -62, -62, 
16.5935, 30.434, -25.3506, 
16.6279, -62, -62, 
16.6658, 58.6159, -62, 
16.6972, 25.0889, -27.9268, 
16.7339, -23.2325, -28.8678, 
16.7675, 21.3916, -30.0788, 
16.8016, 19.4855, -31.4266, 
16.8386, 17.4614, -32.87, 
16.871, 15.7236, -34.1157, 
16.9081, 13.6432, -35.7979, 
16.9411, 11.7267, -37.5098, 
16.9763, 9.48363, -39.8367, 
17.0129, 7.26622, -42.1384, 
17.0446, 5.398, -44.1404, 
17.0795, 3.28762, -46.5867, 
17.1141, 1.28575, -48.9662, 
17.1506, -0.798646, -51.5807, 
17.1845, -2.57652, -53.8314, 
17.2196, -4.31445, -56.0798, 
17.2534, -5.87924, -58.1469, 
17.2864, -7.3346, -60.1193, 
17.3224, -8.79379, -62.1225, 
17.3577, -10.1136, -63.9588, 
17.3922, -11.2986, -65.6297, 
17.4254, -12.3506, -67.1322, 
17.462, -13.4269, -68.6901, 
17.4965, -14.3621, -70.0622, 
17.532, -15.2522, -71.3859, 
17.565, -16.0461, -72.5942, 
17.5992, -16.8095, -73.7721, 
17.6353, -17.5344, -74.8931, 
17.6688, -18.1584, -75.8704, 
17.7064, -18.8131, -76.9092, 
17.7408, -19.3707, -77.8056, 
17.7729, -19.8651, -78.6187, 
17.8079, -20.3803, -79.348, 
17.8421, -20.8502, -80.1461, 
17.8786, -21.3205, 80.9086, 
17.9116, -21.7162, 81.7763, 
17.9471, -22.1381, 82.5158, 
17.9832, -22.5036, 83.1425, 
18.0166, -22.8139, 83.6581, 
18.053, -23.4976, 83.1537, 
18.0862, -23.7747, 83.5998, 
18.12, -24.0729, 83.8757, 
18.1552, -24.3546, 84.0406, 
18.1902, -24.5321, 84.1693, 
18.2269, -24.6135, 84.2669, 
18.2583, -24.6224, 84.2763, 
18.2934, -25.2836, 83.4814, 
18.329, -25.0733, 83.3849, 
18.3631, -24.7914, 83.2607, 
18.4004, -24.3953, 83.0887, 
18.4328, -23.9812, 82.9097, 
18.467, -23.6366, 82.5706, 
18.5015, -23.1178, 82.2207, 
18.5366, -22.6186, 81.7446, 
18.5744, -23.1742, 80.7426, 
18.6063, -22.4893, 80.2287, 
18.6411, -21.695, 79.5716, 
18.6753, -22.1898, 78.6209, 
18.7112, -21.0249, 77.8532, 
18.7458, -20.024, 77.0316, 
18.7796, -18.9684, 76.1795, 
18.8145, -17.6625, 75.2374, 
18.8491, -18.0551, 74.2033, 
18.885, -16.9006, 73.1427, 
18.9207, -15.708, 72.0587, 
18.9533, -14.581, 71.0445, 
18.9872, -13.3688, 69.9645, 
19.0223, -12.1746, 68.8164, 
19.0578, -10.791, 67.6285, 
19.0944, -11.1589, 66.4835, 
19.1281, -11.52, 65.4511, 
19.1612, -10.2228, 64.2788, 
19.1968, -10.5739, 63.1982, 
19.2307, -10.9018, 62.1821, 
19.2681, -9.29367, 60.7696, 
19.3, -9.52194, 59.8087, 
19.335, -9.73989, 58.7576, 
19.3695, -9.95143, 57.7389, 
19.4041, -10.0648, 56.7076, 
19.4415, -10.147, 55.5862, 
19.4735, -10.1909, 54.6395, 
19.5084, -10.2817, 53.6339, 
19.5428, -10.2656, 52.6178, 
19.5803, -10.2955, 51.545, 
19.6144, -10.2153, 50.5386, 
19.6471, -10.1852, 49.6066, 
19.6816, -10.088, 48.6101, 
19.7187, -9.99525, 47.5578, 
19.7517, -9.81059, 46.5923, 
19.7878, -9.66644, 45.5749, 
19.8207, -9.50811, 44.6452, 
19.8567, -9.22133, 43.5883, 
19.8898, -9.01561, 42.6543, 
19.9244, -8.68476, 41.6277, 
19.9607, -8.31571, 40.5546, 
19.9934, 5.57467, 39.6033, 
20.0277, 7.60133, 38.5758, 
20.064, 7.15748, 37.4908, 
20.1009, 6.68673, 36.3929, 
20.1362, 6.21885, 35.3471, 
20.1682, 5.78132, 34.4045, 
20.2028, 5.38115, 33.4283, 
20.2391, 5.02774, 32.4511, 
20.2731, 4.64086, 31.5194, 
20.3086, 4.1704, 30.5181, 
20.3477, 3.51865, 29.3489, 
20.377, 3.02371, 28.4815, 
20.4113, 2.43421, 27.4693, 
20.4453, 1.93163, 26.517, 
20.4823, 1.37077, 25.483, 
20.5151, 0.865535, 24.5748, 
20.5499, 0.402131, 23.6576, 
20.5853, -0.0808439, 22.7296, 
20.6192, -0.553347, 21.8464, 
20.6625, -1.29277, 20.6444, 
20.6877, -1.70017, 19.9619, 
20.726, -2.37976, 18.8972, 
20.7579, -2.94779, 18.0212, 
20.7932, -3.53678, 17.0821, 
20.8326, -4.20307, 16.0383, 
20.8638, -4.69543, 15.242, 
20.8977, -5.2378, 14.3787, 
20.9312, -5.77569, 13.5358, 
20.9675, -6.36567, 12.6252, 
21.0033, -6.9488, 11.7384, 
21.0353, -7.47215, 10.9529, 
21.0703, -8.04793, 10.0991, 
21.1056, -8.62793, 9.24943, 
21.1409, -9.20993, 8.40652, 
21.179, -9.83749, 7.50779, 
21.2101, -10.3485, 6.7832, 
21.2442, -10.9068, 5.99864, 
21.2789, -11.4722, 5.21107, 
21.3152, -12.0628, 4.39554, 
21.3505, -12.6325, 3.61535, 
21.3837, -13.1642, 2.89269, 
21.4166, -13.6865, 2.18761, 
21.4527, -14.2564, 1.42343, 
21.4873, -14.798, 0.702107, 
21.523, -15.35, -0.0286197, 
21.5563, -15.858, -0.697254, 
21.5925, -16.4043, -1.41226, 
21.6249, -16.8867, -2.04051, 
21.6602, -17.4737, -2.74149, 
21.6972, -18.0417, -3.44645, 
21.7294, -18.5234, -4.04247, 
21.7668, -19.0754, -4.72321, 
21.7989, -19.5687, -5.30445, 
21.8343, -20.1671, -5.95115, 
21.8713, -20.7742, -6.60697, 
21.9027, -21.2733, -7.14597, 
21.9383, -21.8217, -7.73809, 
21.9724, -22.3301, -8.28693, 
22.011, -22.719, -8.80575, 
22.0433, -23.0583, -9.23182, 
22.0758, -23.3931, -9.65119, 
22.1105, -23.7889, -10.1171, 
22.1448, -62, -62, 
22.1792, -24.4532, -10.9466, 
22.2155, -24.8138, -11.3685, 
22.2508, -25.1762, -11.7662, 
22.2839, -25.4608, -12.1003, 
22.3194, -25.7774, -12.4457, 
22.3529, -26.0237, -12.7363, 
22.3891, -26.282, -13.0408, 
22.4224, -26.5454, -13.3012, 
22.4578, -26.8158, -13.5687, 
22.4924, -27.0694, -13.8195, 
22.5267, 27.3115, -14.059, 
22.5629, 27.5587, -14.3032, 
22.5955, 27.7874, -14.5058, 
22.6305, 27.9494, -14.6589, 
22.665, 28.0638, -14.7854, 
22.7002, 28.1395, -14.8926, 
22.7376, 28.5031, -13.7752, 
22.7696, 28.4978, -13.8593, 
22.805, 28.4991, -13.9339, 
22.8391, 28.4761, -13.9763, 
22.8751, 28.4264, -13.9902, 
22.9099, 28.3541, -13.9742, 
22.9431, 28.2603, -13.9701, 
22.9789, 28.1641, -13.9236, 
23.0125, 27.8568, -12.6361, 
23.0477, 27.627, -11.3207, 
23.0842, 27.495, -11.3523, 
23.1183, 27.2996, -10.2192, 
23.1513, 27.1103, -9.14781, 
23.1865, 26.8979, -7.9233, 
23.2206, 26.6956, -6.76548, 
23.2568, 26.4907, -5.76497, 
23.2908, 26.287, -4.83568, 
23.3253, 26.1215, -3.86832, 
23.3625, 25.9932, -2.80437, 
23.3938, 25.8172, -2.0213, 
23.4309, 25.6514, -0.960886, 
23.4646, 25.4291, -0.283809, 
23.5014, 25.2197, 0.583259, 
23.5341, 25.0715, 1.47291, 
23.57, 24.9437, 2.38906, 
23.6048, 24.8501, 3.21843, 
23.6379, 24.7181, 3.85601, 
23.6724, 24.5369, 4.3874, 
23.7074, 24.3671, 4.90097, 
23.7437, 24.2048, 5.40689, 
23.7782, 24.0624, 5.86442, 
23.8124, 23.932, 6.29617, 
23.8469, 23.8101, 6.71116, 
23.8821, 23.6318, 7.03533, 
23.9155, 23.4186, 7.26216, 
23.952, 23.2515, 7.57438, 
23.9847, 23.0565, 7.77757, 
24.0218, 22.8422, 8.00085, 
24.0554, 22.6553, 8.19565, 
24.091, 22.464, 8.3949, 
24.1308, 15.8027, 8.55355, 
24.1582, 22.0673, 8.62353, 
24.1935, -21.6709, 8.19809, 
24.2278, -21.4217, 8.23137, 
24.2639, -20.9979, 7.80906, 
24.2993, -20.633, 7.41733, 
24.3336, -20.2866, 7.04958, 
24.3665, 19.2576, 6.69872, 
24.4016, -19.6317, 6.3303, 
24.4358, -19.3212, 5.98791, 
24.4725, -18.9928, 5.64275, 
24.5061, -18.6973, 5.33144, 
24.5395, -18.4305, 5.02855, 
24.574, -18.1383, 4.72598, 
24.6089, -17.8972, 4.4295, 
24.6481, -17.6187, 4.10669, 
24.6788, -17.4074, 3.8637, 
24.7161, -17.1589, 3.57571, 
24.7479, -16.9534, 3.33304, 
24.7846, 16.7229, 3.06057, 
24.8187, -16.4696, 2.81648, 
24.8521, -16.3316, 2.59048, 
24.8862, -16.1351, 2.37847, 
24.9222, -15.9492, 2.15675, 
24.9555, 15.781, 1.95781, 
24.9921, -15.6065, 1.73851, 
25.0254, -15.452, 1.54567, 
25.0602, 15.0858, 1.34967, 
25.0953, -15.1462, 1.1584, 
25.1299, -15.0039, 0.975344, 
25.1657, -14.8626, 0.79173, 
25.1983, 11.1206, 0.629516, 
25.2332, -14.6101, 0.453914, 
25.2685, -14.4871, 0.288774, 
25.3031, -14.3717, 0.132052, 
25.3393, -14.2556, -0.0274194, 
25.3722, -14.1549, -0.167462, 
25.4068, -14.0531, -0.310802, 
25.4416, 13.9582, -0.433882, 
25.4763, 13.3002, -0.552572, 
25.5145, -13.7718, -0.678995, 
25.5459, -13.6877, -0.779535, 
25.5806, -13.5117, -0.887552, 
25.6154, -13.5119, -0.992226, 
25.6504, 13.4341, -1.09442, 
25.6873, 13.3633, -1.19857, 
25.7202, -13.2992, -1.28867, 
25.7555, -13.2142, -1.37194, 
25.7894, -13.1172, -1.44002, 
25.8232, 13.029, -1.50479, 
25.8597, 12.9348, -1.58286, 
25.8928, 12.8801, -1.65086, 
25.9275, 12.4289, -1.70981, 
25.9621, -12.58, -1.05435, 
25.9983, -12.3922, -0.422855, 
26.0331, 12.3095, -0.513232, 
26.0665, -12.2422, -0.597312, 
26.1014, 12.1743, -0.682583, 
26.136, 12.1, -0.763979, 
26.1705, 2.12028, -0.842832, 
26.2065, -11.8604, -0.158591, 
26.2419, 9.86454, 0.455308, 
26.2744, 11.629, 0.975703, 
26.3098, -11.513, 0.850906, 
26.3443, -9.02963, 1.31883, 
26.3804, -11.4049, 1.18383, 
26.4134, 11.36, 1.06163, 
26.4478, 3.92828, 0.939104, 
26.4907, 11.2406, 0.789689, 
26.5184, -11.1931, 0.69752, 
26.5557, 11.1319, 0.576309, 
26.5911, -11.0499, 1.13696, 
26.6228, 10.9969, 1.02434, 
26.6583, 10.9431, 1.49683, 
26.692, -10.8875, 1.36917, 
26.7284, -10.8305, 1.2347, 
26.7605, -10.6454, 1.11915, 
26.7948, -7.89594, 0.999001, 
26.8304, -10.6878, 0.877466, 
26.865, -10.6446, 0.762455, 
26.9018, -10.6012, 0.643276, 
26.9346, -10.5444, 0.540313, 
26.9685, 10.5296, 0.436338, 
27.0038, 10.4945, 0.331018, 
27.0377, -10.4495, 0.232255, 
27.0752, -10.4308, 0.126119, 
27.1101, -10.4024, 0.0302145, 
27.1428, -10.3743, -0.0653217, 
27.1809, -10.3481, -0.173836, 
27.2124, 10.2775, 0.281586, 
27.2493, 10.2518, 0.176146, 
27.2815, -10.2279, 0.0868328, 
27.3171, -10.2087, -0.00934797, 
27.3529, 2.96872, -0.103667, 
27.3859, -10.1689, -0.20402, 
27.4226, -10.1511, -0.295107, 
27.455, -10.069, 0.238999, 
27.4907, -10.0098, 0.778071, 
27.5243, 9.9741, 1.24677, 
27.5603, 1.2372, 1.71163, 
27.5974, -9.96949, 2.15596, 
27.6297, -9.98542, 2.51679, 
27.6638, 10.0116, 2.87436, 
27.7021, -9.96341, 2.69771, 
27.7345, -9.92544, -2.55174, 
27.7754, -9.88131, 2.37144, 
27.8048, 9.85224, 2.24616, 
27.8428, 9.81443, 2.08635, 
27.8742, 9.79178, 1.95842, 
27.9093, -9.76018, 1.81805, 
27.9451, -9.78026, 2.23977, 
27.9754, -5.27086, 2.57343, 
28.0117, -9.76762, 2.41348, 
28.0455, -9.73224, 2.25546, 
28.0856, -9.70027, 2.08756, 
28.1165, -9.67807, 1.96148, 
28.1513, -9.65536, 1.82239, 
28.1848, -9.6358, 1.69204, 
28.2193, -9.65213, 2.05854, 
28.2528, 9.01023, 2.39249, 
28.2896, -9.71408, 2.73607, 
28.3229, 9.57901, 3.07247, 
28.3578, 9.12955, 3.40457, 
28.3936, -9.85883, 3.6802, 
28.4277, -9.91748, 3.9713, 
28.464, -9.85996, 3.77872, 
28.4975, -9.80433, 3.59351, 
28.5317, -9.75194, 3.4091, 
28.566, -9.70337, 3.2277, 
28.6011, -9.65779, 3.04631, 
28.6384, -9.61355, 2.85746, 
28.6724, -9.56933, 2.68975, 
28.7056, -9.54454, 2.52911, 
28.7398, -9.48479, 2.36771, 
28.7742, -9.4332, 2.20834, 
28.8118, -9.46049, 2.03833, 
28.8434, -9.44088, 1.89845, 
28.8791, -9.42139, 1.74396, 
28.9161, -9.41587, 1.58403, 
28.9479, -9.41309, 1.45007, 
28.9849, -9.38483, 1.29727, 
29.0176, -9.42398, 1.16215, 
29.0526, -9.43826, 1.02031, 
29.0867, -9.44162, 0.888663, 
29.1229, -9.44682, 0.752252, 
29.1604, -9.46689, 0.610267, 
29.1908, -9.48393, 0.498056, 
29.2264, -9.5048, 0.369028, 
29.2605, -9.52548, 0.24874, 
29.2955, -9.54744, 0.127835, 
29.3318, 9.554, 0.00880672, 
29.3646, -9.56876, -0.0957562, 
29.4029, -9.58208, -0.215453, 
29.4342, -9.58323, -0.30743, 
29.4687, -9.58548, -0.406968, 
29.5061, -9.58899, -0.511974, 
29.5377, -9.59023, -0.590926, 
29.573, -9.59955, -0.667914, 
29.6075, 7.42477, -0.741095, 
29.6441, 9.4931, -0.816809, 
29.6787, -9.62019, -0.88621, 
29.7121, -9.6195, -0.951399, 
29.7467, -9.63492, -1.00718, 
29.7812, -9.64262, -1.06129, 
29.8163, -9.52083, -0.406108, 
29.8526, 9.52821, -0.49037, 
29.8868, 9.44758, 0.0953875, 
29.9196, 9.40133, 0.606623, 
29.9544, -9.37522, 0.517643, 
29.9913, 9.41315, 0.4259, 
30.027, -3.88449, 0.339702, 
30.0615, 9.42293, 0.240558, 
30.0938, -9.42832, 0.158365, 
30.1303, -9.40322, 0.058165, 
30.1632, 9.44044, -0.0211398, 
30.199, -9.43937, -0.114707, 
30.2364, 9.45477, -0.209708, 
30.2673, 5.80934, -0.269131, 
30.3027, -9.4725, -0.335335, 
30.3386, -9.48229, -0.400647, 
30.378, -9.49292, -0.470272, 
30.4062, -9.35673, -0.518487, 
30.4424, 9.51097, -0.578892, 
30.4748, 9.51998, -0.6315, 
30.5099, -9.52967, -0.686784, 
30.5472, -4.50456, 0.0396735, 
30.5803, 9.35121, 0.618666, 
30.6172, -8.80682, 0.524032, 
30.6519, 9.37128, 0.437531, 
30.6839, 9.37827, 0.359772, 
30.7214, -60.1412, -62, 
30.7541, 9.39413, 0.19578, 
30.7866, -9.39948, 0.123137, 
30.8214, -9.00365, 0.0518609, 
30.856, -9.39641, -0.0216917, 
30.8934, -9.40717, -0.0992272, 
30.9291, 9.41762, -0.170973, 
30.9637, 7.93174, -0.238593, 
31.0001, 9.43879, -0.307682, 
31.031, 5.58558, -0.364669, 
31.0678, -1.98813, -0.423155, 
31.1001, 9.12081, -0.47107, 
31.1363, -9.36832, -0.525291, 
31.1689, 9.35909, -0.574701, 
31.2056, 9.34931, -0.628827, 
31.2418, -9.34039, -0.680502, 
31.2718, 3.26088, -0.699599, 
31.3066, 9.28131, -0.721089, 
31.3422, -9.25185, -0.753653, 
31.3763, 9.22321, -0.772726, 
31.4125, -9.19379, -0.792226, 
31.4454, -9.16649, -0.809287, 
31.4819, 9.13946, -0.827534, 
31.5146, 5.25919, -0.0689922, 
31.5496, 8.70082, 0.659367, 
31.5855, -8.68247, 0.596384, 
31.6191, -8.18696, 1.23299, 
31.6537, 8.44051, 1.8285, 
31.6895, -8.42326, 1.71372, 
31.7265, -8.41085, 1.60074, 
31.7593, 8.39579, 1.5112, 
31.7921, 8.38103, 1.41571, 
31.8272, -8.32575, 1.31642, 
31.8633, -8.31052, 1.22526, 
31.8966, -8.2835, 1.14358, 
31.934, -8.33377, 1.05396, 
31.9661, -8.32533, 0.971573, 
32.0011, -8.31721, 0.883677, 
32.035, -8.31037, 0.800735, 
32.07, -8.04294, 0.714349, 
32.1077, -8.32205, 0.623405, 
32.14, -8.32798, 0.548114, 
32.1744, -8.3348, 0.469475, 
32.2101, 8.27696, 0.390149, 
32.2434, -8.34969, 0.318137, 
32.2795, -8.35806, 0.242003, 
32.3127, 4.1041, 0.174147, 
32.3487, -8.3682, 0.102176, 
32.3823, -8.38351, 0.0371187, 
32.4174, -8.29886, -0.0261018, 
32.4547, 8.37913, -0.0912588, 
32.4864, -8.38814, -0.147885, 
32.5213, -8.39104, -0.20877, 
32.5567, 8.39651, -0.255283, 
32.5907, -8.39507, -0.298741, 
32.6274, -8.39255, -0.332877, 
32.6605, -1.79315, 0.396203, 
32.6954, -6.88359, 0.342942, 
32.7305, 8.17051, 0.291056, 
32.7654, -8.20651, 0.237835, 
32.8015, 7.36532, 0.966533, 
32.834, -7.4944, 1.55579, 
32.8693, 7.94481, 1.46956, 
32.9067, 7.87793, 2.04047, 
32.939, 7.85029, 2.49206, 
32.974, -7.83896, 2.94567, 
33.0068, -7.83072, 2.833, 
33.0417, -7.79517, 2.71588, 
33.077, 3.83721, 3.15638, 
33.1113, 7.80554, 3.01908, 
33.1493, -7.79346, 2.87055, 
33.1838, -7.78297, 2.73903, 
33.2157, -7.77707, 2.62724, 
33.2499, -7.77022, 2.50226, 
33.2868, -7.53926, 2.37064, 
33.3211, 7.70205, 2.25095, 
33.3539, -7.75926, 2.13958, 
33.39, 7.72943, 2.63494, 
33.4239, -7.73016, 2.51083, 
33.4579, -7.72805, 2.39656, 
33.4941, -7.7152, 2.87256, 
33.5276, 7.7216, 3.27936, 
33.5635, 7.74254, 3.68605, 
33.5969, 7.72027, 4.0391, 
33.6368, -7.75453, 3.86467, 
33.6692, -7.73928, 3.73312, 
33.7018, -7.72591, 3.60391, 
33.7381, -7.71317, 3.46331, 
33.7714, -7.70337, 3.33723, 
33.806, 0.192097, 3.20163, 
33.8423, -7.68342, 3.06282, 
33.8791, -7.67613, 2.92559, 
33.9109, -7.67157, 2.80989, 
33.9449, -7.6701, 2.69642, 
33.9792, -7.66988, 2.58449, 
34.0159, -7.67094, 2.46754, 
34.0485, -7.67127, 2.35884, 
34.0846, -5.50553, 2.24128, 
34.1183, -7.67717, 2.14231, 
34.1529, -7.68089, 2.03461, 
34.1883, -7.68717, 1.93557, 
34.2217, -7.69375, 1.84486, 
34.2568, -7.65876, 2.35166, 
34.2911, -7.66082, 2.24012, 
34.3253, -7.64536, 2.70325, 
34.3626, -7.64393, 2.5731, 
34.3968, -7.6428, 3.01084, 
34.4301, -7.65746, 3.40597, 
34.4643, -7.68552, 3.78578, 
34.4991, -7.72476, 4.14646, 
34.5354, -7.70236, 3.98575, 
34.5701, -7.74609, 4.33394, 
34.6039, -7.72238, 4.18027, 
34.6401, -7.69996, 4.01906, 
34.6736, -7.6815, 3.87319, 
34.7178, -7.66067, 3.68474, 
34.7424, -7.65083, 3.58302, 
34.779, -7.63825, 3.43432, 
34.8118, -7.62898, 3.30401, 
34.8471, -7.65581, 3.70254, 
34.8847, -4.44549, 3.54656, 
34.9155, -7.67034, 3.88044, 
34.9514, -7.71439, 4.24598, 
34.9852, -7.7638, 4.56968, 
35.0234, -7.82886, 4.87511, 
35.0562, -7.79329, 4.70845, 
35.0908, -7.85193, 5.01155, 
35.1239, -7.91217, 5.28626, 
35.1598, -7.88766, 5.08993, 
35.1931, 7.92254, 4.8709, 
35.2299, 8.00134, 4.59489, 
35.2647, 8.22481, 4.22741, 
35.2975, -8.53944, 3.77111, 
35.3329, -8.98342, 3.16787, 
35.3667, -9.47938, 2.48759, 
35.4027, -10.2152, 1.55921, 
35.4371, -10.8511, 0.697003, 
35.471, -14.2524, -2.30582, 
35.5056, -19.077, -6.48186, 
35.5418, -24.2554, -10.94, 
35.5777, -26.955, -13.3997, 
35.6106, -31.2639, -16.9983, 
35.6448, -62, 62, 
35.6788, -44.8263, -27.2142, 
35.7235, -51.7444, -31.8909, 
35.751, -55.2003, -34.0937, 
35.7841, 58.8128, -36.3024, 
35.8186, 54.2311, -28.2197, 
35.8529, 50.8247, -21.4534, 
35.8861, -48.3537, -15.839, 
35.9233, -46.3179, -10.4082, 
35.9561, 45.0114, -6.21052, 
35.9903, 44.0235, -2.3046, 
36.0254, 43.3226, 1.28122, 
36.0615, 42.8568, 4.61301, 
36.0961, 42.6015, 7.51896, 
36.1324, 42.4915, 10.3124, 
36.1638, 42.5002, 12.5377, 
36.1988, 42.6002, 14.8489, 
36.2361, 42.791, 17.1437, 
36.2707, 43.0281, 19.1195, 
36.3037, 43.2979, 20.8934, 
36.3396, 43.6289, 22.7078, 
36.3733, 43.9672, 24.3118, 
36.4075, 44.3324, 25.8543, 
36.4436, 44.7355, 27.395, 
36.4781, 45.1326, 28.7885, 
36.5138, 45.5516, 30.1562, 
36.5467, 45.9418, 31.3532, 
36.5819, 46.3634, 32.5783, 
36.6195, 46.8131, 33.8199, 
36.6505, 47.1826, 34.7972, 
36.6853, 47.5945, 35.8465, 
36.7263, 48.0756, 37.0261, 
36.7555, 48.4123, 37.8252, 
36.7931, 48.8424, 38.8181, 
36.825, 49.1994, 39.6202, 
36.8593, 49.5761, 40.4474, 
36.8953, 49.9652, 41.2827, 
36.9281, 50.3115, 42.0106, 
36.9645, 50.6884, 42.7881, 
37.0014, 51.0602, 43.5408, 
37.0326, 51.3668, 44.1515, 
37.0687, 51.714, 44.833, 
37.1036, 52.041, 45.4655, 
37.1379, 52.3535, 46.0618, 
37.1704, 52.6409, 46.6039, 
37.205, 52.9404, 47.1622, 
37.2413, 53.2455, 47.7247, 
37.2754, 53.5236, 48.2321, 
37.3123, 53.816, 48.7602, 
37.3447, 54.0649, 49.2059, 
37.3802, 54.33, 49.6764, 
37.4132, 54.569, 50.0973, 
37.448, 54.8137, 50.525, 
37.4861, 55.0737, 50.9759, 
37.5178, 55.2827, 51.3359, 
37.5535, 55.5112, 51.727, 
37.587, 55.7195, 52.0814, 
37.622, 55.9299, 52.4373, 
37.6586, 56.1437, 52.7968, 
37.6927, 56.3357, 53.118, 
37.7274, 56.5247, 53.4326, 
37.7617, 56.7062, 53.7333, 
37.7961, 56.8825, 54.0241, 
37.8317, 57.0589, 54.3136, 
37.868, 57.2329, 54.5981, 
37.8991, 57.3767, 54.8325, 
37.934, 57.5334, 55.0867, 
37.971, 57.6944, 55.347, 
38.0068, 57.8448, 55.5895, 
38.039, 57.9754, 55.7992, 
38.0738, 58.1121, 56.0181, 
38.1079, 58.2418, 56.2252, 
38.1438, 58.3736, 56.4352, 
38.1786, 58.4972, 56.6314, 
38.2119, 58.6115, 56.8124, 
38.2475, 58.7298, 56.9996, 
38.2821, 58.841, 57.1747, 
38.3164, -58.9374, 57.342, 
38.3557, -59.0656, -56.2325, 
38.385, -59.15, -57.6593, 
38.42, -59.2481, -57.8128, 
38.4578, -59.3506, -57.9726, 
38.49, -59.4349, -58.1032, 
38.526, -59.5258, -56.5641, 
38.562, -59.6137, 58.3688, 
38.5931, -59.6871, 58.495, 
38.6282, -59.7672, 58.619, 
38.6671, -59.8527, 58.7516, 
38.6994, -59.9217, 58.8573, 
38.7333, -59.9913, 58.9646, 
38.7725, -60.0692, 59.0843, 
38.8028, -60.1272, 59.1733, 
38.8376, -60.1918, 59.2724, 
38.8779, -60.264, 59.383, 
38.9088, -60.317, 59.4642, 
38.9435, -60.3749, 59.5527, 
38.9765, -60.4282, 59.634, 
39.0141, -60.4868, 59.7234, 
39.0492, -60.5394, 59.8036, 
39.0791, -60.5828, 59.8697, 
39.1161, -60.635, 59.949, 
39.1509, -60.6821, 60.0205, 
39.186, -60.728, 60.0904, 
39.2195, -60.7704, 60.1546, 
39.2526, -60.8108, 60.216, 
39.2881, -60.8528, 60.2795, 
39.3222, -60.8916, 60.3384, 
39.3575, -60.9306, 60.3973, 
39.3929, -60.9682, 60.4541, 
39.426, -61.0022, 60.5055, 
39.4622, -61.0381, 60.5598, 
39.4954, -61.07, 60.6078, 
39.5305, -61.1025, 60.6568, 
39.5668, -61.1349, 60.7058, 
39.5995, -61.163, 60.7481, 
39.6342, -61.192, 60.7917, 
39.6696, -61.2205, 60.8346, 
39.7037, -61.247, 60.8745, 
39.7405, -61.2746, 60.916, 
39.774, -61.2988, 60.9524, 
39.8083, -61.3228, 60.9884, 
39.8428, -61.346, 61.0234, 
39.8777, -61.3688, 61.0575, 
39.9135, -61.3913, 61.0913, 
39.9474, -61.4119, 61.1222, 
39.9823, -61.4324, 61.1529, 
40.0162, -61.4516, 61.1817, 
40.0517, -61.471, 61.2108, 
40.0891, -61.4907, 61.2404, 
40.1202, -61.5065, 61.264, 
40.155, -61.5236, 61.2896, 
40.1908, -61.5406, 61.3151, 
40.2251, -61.5564, 61.3387, 
40.2611, -61.5723, 61.3625, 
40.2955, -61.587, 61.3844, 
40.3287, -61.6007, 61.4049, 
40.3637, -61.6146, 61.4257, 
40.3989, -61.6282, 61.446, 
40.4339, -61.6412, 61.4654, 
40.4676, -61.6532, 61.4835, 
40.5032, -61.6656, 61.5019, 
40.5369, -61.6768, 61.5187, 
40.5723, -61.6882, 61.5357, 
40.6087, -61.6996, 61.5527, 
40.6409, -61.7092, 61.567, 
40.676, -61.7194, 61.5823, 
40.7104, -61.7291, 61.5967, 
40.7456, -61.7386, 61.6109, 
40.7826, -61.7482, 61.6253, 
40.8144, -61.7562, 61.6372, 
40.8495, -61.7648, 61.6499, 
40.884, -61.7729, 61.662, 
40.9184, -61.7807, 61.6737, 
40.9573, -61.7892, 61.6864, 
40.9879, -61.7956, 61.696, 
41.0227, -61.8028, 61.7066, 
41.059, -61.8099, 61.7172, 
41.0922, -59.1264, 62.3747, 
41.1296, 56.169, 63.1633, 
41.1641, 53.522, 63.9296, 
41.1965, 51.1224, 64.6832, 
41.2314, 48.5743, 65.5125, 
41.2694, 45.8528, 66.4296, 
41.3024, 43.5239, 67.2292, 
41.3371, 41.1292, 68.0739, 
41.3715, 38.776, 68.9148, 
41.4046, -36.5532, 69.7186, 
41.4401, -34.1977, 70.5787, 
41.4773, 30.8417, 71.4777, 
41.5095, 29.7747, 72.2526, 
41.5438, 27.7086, 73.0792, 
41.5801, -25.1891, 73.9378, 
41.6135, 23.6439, 74.7192, 
41.6494, 21.6367, 75.544, 
41.6839, -5.59671, 76.3238, 
41.725, -16.7779, 77.2372, 
41.7528, 3.71547, 77.8366, 
41.7875, 13.7621, 78.5757, 
41.8233, 12.7783, 79.3169, 
41.857, 11.2816, 79.9941, 
41.891, 9.61513, 80.661, 
41.9252, 8.38892, 81.3105, 
41.9607, 6.954, 81.9667, 
41.9968, 5.54405, 82.6134, 
42.0295, 4.30889, 83.1801, 
42.0647, 3.03462, 83.7714, 
42.0995, 1.89835, 84.3298, 
42.1341, 0.882242, 84.8574, 
42.1702, -0.118381, 85.385, 
42.2031, -0.995291, 85.8471, 
42.2384, -1.89478, 86.3263, 
42.2726, -2.63555, 86.7574, 
42.3074, -3.27481, 87.1639, 
42.3476, -3.85316, 87.5879, 
42.3773, -4.16505, 87.8658, 
42.4127, -4.41946, 88.1618, 
42.4486, -4.53656, 88.4115, 
42.4814, -4.55121, 88.6107, 
42.5182, -4.4567, 88.7952, 
42.5523, -4.25966, 88.9241, 
42.5858, -3.94446, 89.0114, 
42.6212, -3.49712, 89.0537, 
42.6564, -2.96696, 89.0597, 
42.6917, -2.35223, 89.0297, 
42.7261, -1.67787, 88.9659, 
42.7599, -0.894024, 88.8492, 
42.7929, -0.0675044, 88.703, 
42.8281, 0.894173, 88.4941, 
42.8642, 1.93633, 88.2463, 
42.8975, 2.99426, 87.9634, 
42.9318, 4.17932, 87.6145, 
42.9664, 5.37073, 87.2336, 
43.0015, 6.57771, 86.8397, 
43.0375, 7.76897, 86.454, 
43.071, 8.87145, 86.0747, 
43.106, 10.025, 85.6845, 
43.1404, 11.1059, 85.2889, 
43.1748, 12.1853, 84.8856, 
43.2129, 13.3818, 84.4295, 
43.2443, 14.3004, 84.0382, 
43.2789, 15.3506, 83.6321, 
43.3139, 16.3824, 83.1757, 
43.349, 17.3789, 82.736, 
43.3851, 18.4061, 82.2745, 
43.4178, 19.2811, 81.8526, 
43.4529, 20.1624, 81.3906, 
43.4871, 20.9896, 80.9572, 
43.5226, 21.8173, 80.5239, 
43.5595, 22.483, 79.9537, 
43.5914, 23.155, 79.5168, 
43.6262, 23.8628, 79.0565, 
43.6612, 24.4979, 78.5135, 
43.6973, 25.1331, 77.9382, 
43.7318, 25.6692, -77.4263, 
43.7646, 26.0674, -76.8394, 
43.8, 26.5675, 61.9299, 
43.8339, 26.8161, -44.4344, 
43.8691, 26.9064, -50.9588, 
43.9057, 27.0011, -74.5508, 
43.9382, 27.0245, 74.1, 
43.9731, 27.042, -73.7249, 
44.0074, 26.9919, -62.9106, 
44.0424, 27.0431, -73.2013, 
44.0784, 26.9185, 73.041, 
44.112, 26.9213, 72.9355, 
44.1475, 9.96763, 72.8176, 
44.1811, -26.4097, 72.6602, 
44.2157, 26.2462, 72.5274, 
44.2561, -26.0217, 72.309, 
44.286, 25.8894, 72.1379, 
44.3207, -25.6737, -71.7606, 
44.357, 25.6388, -71.5528, 
44.3907, -24.8625, -71.0927, 
44.4268, -25.1997, 70.6801, 
44.4595, -25.1517, 70.5063, 
44.494, 11.2365, 70.2461, 
44.5295, 24.7853, -69.949, 
44.564, 24.5995, -9.30685, 
44.6018, 24.4045, 69.0452, 
44.6334, -62, -62, 
44.6687, -24.2419, 68.7785, 
44.7153, -23.9901, 68.5038, 
44.7393, -61.8831, -62, 
44.7748, 23.6927, 68.0496, 
44.809, -23.1316, -67.7935, 
44.8422, 23.6416, -67.5529, 
44.8767, -10.7238, -67.3106, 
44.9108, -23.4864, 67.0787, 
44.9457, -61.5841, -62, 
44.982, 23.4363, -66.8632, 
45.0151, 23.3547, -66.6914, 
45.0508, 23.452, -66.5932, 
45.0847, -23.5541, 66.6617, 
45.12, -20.739, 66.6327, 
45.1556, 23.1463, 66.7126, 
45.191, 23.2083, 66.9614, 
45.2235, 22.5982, 66.8215, 
45.2578, 22.9682, -66.8681, 
45.2928, 62, -62, 
45.3301, 23.0808, 66.6627, 
45.3628, -19.3252, 66.6573, 
45.3969, -22.9094, 66.8565, 
45.4316, -22.5579, 66.9173, 
45.4661, -22.3725, 66.9859, 
45.5045, -22.012, 66.7457, 
45.5361, -21.8799, 66.6422, 
45.5709, -21.6, -66.3275, 
45.6058, 62, -62, 
45.6399, -62, -62, 
45.6768, -21.2086, 65.4826, 
45.7193, -21.2278, 65.5263, 
45.7442, -20.9301, 65.3244, 
45.7787, 20.7554, 65.205, 
45.8138, -62, -62, 
45.8515, 20.5326, 64.6784, 
45.8843, 20.3396, 64.3407, 
45.9174, -20.1529, 64.0107, 
45.9524, 19.9623, 63.672, 
45.9868, -19.8135, -63.3302, 
46.0233, -18.9961, -62.9594, 
46.0565, -19.565, 62.6332, 
46.0921, -19.3114, 62.2088, 
46.1254, -19.1628, 61.9416, 
46.1606, 19.1594, -61.7748, 
46.1994, 19.2071, -61.4539, 
46.2287, -19.1902, 61.1705, 
46.2634, -19.1091, 60.8847, 
46.2984, -16.2234, 60.6466, 
46.3329, 18.892, -60.3784, 
46.3689, 18.8886, -60.0644, 
46.4021, -18.8867, -59.7834, 
46.4403, -18.7847, 59.5167, 
46.4718, -18.664, 59.3608, 
46.5067, -62, -62, 
46.5422, -18.3503, 59.028, 
46.5761, 18.3047, -31.6429, 
46.6109, -9.15891, 58.6034, 
46.645, 18.249, -58.381, 
46.6809, 18.2794, -58.1313, 
46.7242, 18.3122, 57.8396, 
46.7494, 17.0358, 57.8021, 
46.7848, -62, -62, 
46.8214, 18.3237, 57.6154, 
46.8538, 17.095, 57.3388, 
46.89, -61.991, -62, 
46.9225, -18.1004, 57.0199, 
46.9585, -17.8901, -56.7112, 
46.9931, 17.765, -56.3858, 
47.0277, 62, -62, 
47.0659, -17.7628, 55.9219, 
47.097, -17.7452, 55.907, 
47.1317, -17.5867, 55.8794, 
47.1654, -17.4376, 55.8538, 
47.2004, 61.9933, -62, 
47.2377, 59.5802, -62, 
47.271, -17.2445, 55.4387, 
47.307, -17.3165, 55.496, 
47.3406, -17.108, 55.5257, 
47.3752, -16.9616, 55.5124, 
47.4127, -16.9035, 55.4504, 
47.4443, 16.7556, -55.2823, 
47.4803, -16.7728, 55.183, 
47.5134, -16.5834, 54.8632, 
47.5499, -16.3214, 54.5624, 
47.5851, -16.2105, -54.3838, 
47.6182, 16.1869, 54.1594, 
47.655, 61.9841, -62, 
47.6863, -61.999, -62, 
47.7243, -15.927, 53.3134, 
47.7596, -15.8327, 53.1762, 
47.7923, 6.01983, 53.1986, 
47.8257, -15.832, -53.1738, 
47.8598, -15.8332, 53.0018, 
47.8959, -15.6733, 52.7254, 
47.9317, -15.5364, 52.5836, 
47.964, 15.7464, 52.5318, 
48.001, 15.7637, -52.3432, 
48.0345, 15.7402, -52.1108, 
48.0695, 15.6501, 51.8285, 
48.1056, -15.5648, 51.6404, 
48.1387, -15.3679, 51.467, 
48.1749, -15.3111, 51.379, 
48.2078, -15.1368, -51.1224, 
48.2429, -14.9371, 50.7818, 
