#ssr105
time, vl, vr, 
0, -62, -62, 
0.101123, -62, -62, 
0.163569, -62, -62, 
0.231857, -62, -62, 
0.264685, -62, -62, 
0.302143, -62, -62, 
0.334987, -62, -62, 
0.369537, -62, -62, 
0.409035, 13.9331, 19.3142, 
0.439028, -18.3462, 25.5899, 
0.473752, -20.3947, 29.9832, 
0.508626, -20.711, 32.6148, 
0.544375, -20.2028, 34.6552, 
0.579849, -19.336, 36.1421, 
0.612098, -18.5018, 37.4685, 
0.647207, -17.6049, 38.6335, 
0.681729, -16.7316, 39.7165, 
0.71844, -15.707, 40.7205, 
0.752383, -14.6993, 41.538, 
0.78836, -13.68, 42.3876, 
0.820596, -12.6545, 43.1942, 
0.855127, -11.6818, 43.9056, 
0.890262, -10.6574, 44.5537, 
0.925847, -9.67323, 45.2038, 
0.959534, -8.78733, 45.81, 
0.993197, -8.03418, 46.2768, 
1.02992, 7.18143, 46.727, 
1.06389, -6.26772, 47.2153, 
1.09962, -5.46057, 47.5954, 
1.13448, -4.71151, 47.9635, 
1.16729, -3.82193, 48.3371, 
1.20211, -2.92309, 48.7348, 
1.23694, -2.29483, 48.8892, 
1.27372, -1.29813, 49.2184, 
1.30885, -0.514915, 49.417, 
1.34074, 0.130285, 49.5288, 
1.37574, 0.89527, 49.6951, 
1.41038, 1.61653, 49.8633, 
1.44758, 2.35496, 50.0469, 
1.47993, 2.96629, 50.2077, 
1.51531, 3.52167, 50.3408, 
1.54941, 3.95394, 50.426, 
1.58367, 4.37059, 50.5117, 
1.6201, 4.79545, 50.6025, 
1.65387, 5.06225, 50.5707, 
1.68806, -5.32224, 50.5407, 
1.72496, -5.47598, 50.3921, 
1.75751, -5.47946, 50.1912, 
1.80405, -5.52895, 49.8815, 
1.82806, -5.6749, 49.7641, 
1.86376, 5.66962, 49.4022, 
1.90072, -5.66699, 49.0381, 
1.93282, 5.66685, 48.7317, 
1.96651, 5.70119, 48.4715, 
2.00036, -5.70347, 48.1638, 
2.03613, -5.7078, 47.8478, 
2.07014, -5.71358, 47.5562, 
2.10419, -5.72085, 47.2726, 
2.14022, -5.7615, 46.958, 
2.17419, 5.83012, 46.6483, 
2.20886, 5.89973, 46.3411, 
2.24397, 5.96968, 46.0389, 
2.27924, 5.91571, 45.6845, 
2.31628, 5.74952, 45.2653, 
2.34739, 5.82191, 45.0252, 
2.38193, 5.67486, 44.6526, 
2.41805, -5.52884, 44.2738, 
2.45134, -62, 62, 
2.4889, -62, 62, 
2.5211, 5.36174, 43.8698, 
2.5568, 5.20952, 43.4152, 
2.59024, 5.0854, 42.942, 
2.62487, 4.9658, 42.4638, 
2.66463, 4.79919, 41.9001, 
2.69448, 4.7128, 41.5109, 
2.72952, 4.56131, 41.0555, 
2.76504, 4.35533, 40.5585, 
2.79931, 4.16799, 40.092, 
2.83581, 3.90403, 39.58, 
2.86846, 3.6802, 39.135, 
2.90322, 3.43008, 38.6543, 
2.93851, 3.16671, 38.1613, 
2.97217, -62, 62, 
3.00968, -62, 62, 
3.04221, -62, 62, 
3.07733, 2.88203, 37.62, 
3.11114, 2.60555, 37.0532, 
3.14605, 2.46407, 36.46, 
3.18354, 2.25679, 35.8108, 
3.21561, 2.09395, 35.2685, 
3.25211, 1.92326, 34.6623, 
3.28503, 1.7647, 34.1214, 
3.32356, 1.57473, 33.4931, 
3.35504, -62, -62, 
3.38789, -62, 62, 
3.42449, -62, 62, 
3.45808, -62, 62, 
3.49379, -62, 62, 
3.52973, -62, 62, 
3.56496, -62, 62, 
3.59665, -62, 62, 
3.63203, -62, 62, 
3.6681, -62, 62, 
3.70257, -62, -62, 
3.73771, -62, -62, 
3.77124, -62, 62, 
3.80499, -62, 61.9999, 
3.84108, -62, 62, 
3.87655, -62, 62, 
3.91073, -62, 62, 
3.94295, -62, 62, 
3.97974, -62, 62, 
4.01276, -62, 62, 
4.04901, -62, 62, 
4.08296, -62, 62, 
4.11682, -62, 62, 
4.15226, -62, 62, 
4.18563, -62, 62, 
4.2231, -62, 62, 
4.2566, -62, 62, 
4.29021, -62, 62, 
4.32675, -62, 62, 
4.35945, -62, 62, 
4.39609, -62, 62, 
4.42959, -62, 62, 
4.46437, -62, 62, 
4.50099, -62, 62, 
4.53284, -62, 62, 
4.5691, -62, 62, 
4.60303, -62, 62, 
4.63728, -62, 62, 
4.67345, -62, 62, 
4.70671, -62, 62, 
4.74602, -62, 62, 
4.77571, -62, 62, 
4.81024, -62, 62, 
4.84752, -62, 62, 
4.87989, -62, 62, 
4.91771, -62, 62, 
4.94946, -62, 62, 
4.98388, -62, 62, 
5.01923, -4.86138, 33.3504, 
5.05341, 7.9199, 33.2227, 
5.0929, 11.3038, 33.1032, 
5.12352, 13.6715, 33.1667, 
5.15948, 16.2154, 33.3917, 
5.19238, 17.6187, 34.4164, 
5.22719, 19.7695, 34.766, 
5.26391, 21.2492, 35.8233, 
5.29687, 22.436, 36.8246, 
5.33201, 23.6526, 37.8638, 
5.36612, 24.8623, 38.7732, 
5.40125, 25.9955, 39.7429, 
5.4375, 27.1187, 40.7133, 
5.46973, 28.1035, 41.5243, 
5.50632, 29.1953, 42.4074, 
5.53939, 30.1286, 43.1925, 
5.57431, 31.0514, 44.0215, 
5.61104, 32.0133, 44.8407, 
5.64385, 32.8146, 45.5698, 
5.68175, 33.7081, 46.3859, 
5.71341, 34.425, 47.0429, 
5.74909, 35.2309, 47.7391, 
5.7842, 35.9936, 48.4013, 
5.81712, 36.6824, 49.002, 
5.85321, 37.4111, 49.6401, 
5.88645, 38.0569, 50.2079, 
5.92172, 38.7183, 50.7914, 
5.95744, 39.3635, 51.3626, 
5.99051, 39.9385, 51.8732, 
6.0256, 40.528, 52.3981, 
6.06016, 41.0872, 52.8974, 
6.09579, 41.6433, 53.3952, 
6.13117, 42.1752, 53.8724, 
6.16415, 42.653, 54.302, 
6.19921, 43.1436, 54.7441, 
6.23344, 43.585, 55.1781, 
6.27129, 44.0563, 55.6418, 
6.30459, 44.4552, 56.0343, 
6.33765, 44.8192, 56.4277, 
6.37581, 45.2473, 56.8476, 
6.40812, 45.5678, 57.2126, 
6.44263, 45.9085, 57.5806, 
6.4784, 46.2403, 57.9581, 
6.51381, 46.5664, 58.3088, 
6.54569, 46.8499, 58.6134, 
6.58101, 47.154, 58.9399, 
6.6184, 47.4647, 59.2732, 
6.65247, 47.7374, 59.5655, 
6.68626, 47.9778, -59.8583, 
6.72067, 48.2357, 60.1331, 
6.75459, 48.4814, 60.3946, 
6.79056, 48.6458, 60.7353, 
6.8258, 48.8108, 61.048, 
6.86169, 48.9515, 61.3674, 
6.89467, 49.0767, 61.6497, 
6.92882, 49.2027, 61.9319, 
6.96458, 49.3308, 62.2166, 
6.9993, 49.4274, 62.492, 
7.0337, 62, -62, 
7.06772, 49.5194, -62.7518, 
7.10413, 49.6151, 63.0199, 
7.13645, 49.6143, 63.3199, 
7.17463, 49.4609, 63.7588, 
7.20581, 49.3416, 64.1024, 
7.24029, 49.215, 64.4693, 
7.27674, 49.0869, 64.8426, 
7.30993, 48.9756, 65.1691, 
7.34687, 48.8272, 65.5217, 
7.3798, 48.7272, 65.8214, 
7.41479, 48.5971, 66.1308, 
7.45079, 48.4687, 66.4372, 
7.48406, 48.355, 66.7094, 
7.52052, 48.1999, 66.992, 
7.55452, 48.0611, 67.2452, 
7.58829, 47.9284, 67.4877, 
7.62401, 47.7933, 67.735, 
7.65772, 47.6707, 67.9597, 
7.69467, 47.5414, 68.1972, 
7.72932, 47.4249, 68.4113, 
7.7613, 47.235, 68.5626, 
7.79785, 47.0248, 68.73, 
7.83079, 46.8423, 68.8754, 
7.86741, 46.6461, 69.0317, 
7.89973, 46.4793, 69.1645, 
7.93458, 46.162, 69.1997, 
7.97024, 45.8479, 69.2352, 
8.00434, 45.5576, 69.2686, 
8.04185, 45.2486, 69.3047, 
8.07397, 44.908, 69.2631, 
8.10815, 44.4532, 69.1277, 
8.1429, 44.0749, 69.111, 
8.17867, 43.4747, 68.8825, 
8.21501, 42.8843, 68.6612, 
8.2477, 42.4452, 68.5928, 
8.28244, 41.762, 68.2895, 
8.31562, 41.1292, 68.0128, 
8.35085, 40.3549, 67.6008, 
8.38745, 39.4499, 67.0538, 
8.42031, 38.663, 66.5844, 
8.45581, 62, -62, 
8.48965, 37.6611, 65.876, 
8.52501, 36.6228, 65.1766, 
8.56128, 35.4482, 64.3877, 
8.59392, 34.3304, 63.6151, 
8.62948, 33.1943, 62.8584, 
8.66344, 32.0939, 62.1199, 
8.69833, 30.925, 61.2945, 
8.73474, 29.6756, 60.3775, 
8.76874, 28.4478, 59.4141, 
8.8033, 27.2356, 58.4745, 
8.83653, 26.0344, 57.4982, 
8.87136, 24.8106, -56.5147, 
8.90749, 62, -62, 
8.94091, 62, -62, 
8.97567, 62, -62, 
9.01074, 62, -62, 
9.04646, 62, -62, 
9.08133, 62, -62, 
9.11435, 62, -62, 
9.14965, 62, -62, 
9.18661, 62, -62, 
9.22125, 62, -62, 
9.25507, 62, -62, 
9.28911, 22.9353, -57.6358, 
9.32268, 20.977, -59.1695, 
9.3575, 18.9025, -60.8459, 
9.3929, 16.78, -62.503, 
9.42805, 14.7079, -64.0863, 
9.46273, 12.718, -65.5894, 
9.49574, 11.9637, -66.714, 
9.53146, 11.0832, -67.9054, 
9.56588, 10.2599, -69.0237, 
9.60144, 9.36913, -70.1247, 
9.63553, 8.48631, -4.93714, 
9.67139, 7.54965, 72.229, 
9.70639, 6.5984, 73.2129, 
9.74171, 5.6835, 74.1596, 
9.77691, 4.87503, 75.0526, 
9.81087, 4.15554, 75.8786, 
9.84372, 3.49178, -76.6489, 
9.88244, 2.74537, -77.5272, 
9.91457, 2.17595, -77.8233, 
9.95015, 1.515, 78.9197, 
9.98579, 0.761438, 79.6455, 
10.0172, 0.0809619, 80.2661, 
10.053, -0.644824, 80.9229, 
10.0864, -1.26179, 81.5191, 
10.1233, -1.91455, 82.1498, 
10.1569, -2.43305, 82.6877, 
10.1924, -2.88415, -83.1952, 
10.2268, -3.19907, -83.6401, 
10.2609, -3.39386, -84.0343, 
10.2979, -3.58416, -84.4121, 
10.3295, -3.79578, -84.7608, 
10.3646, -4.12623, 85.1628, 
10.4006, -4.50365, 85.5693, 
10.4339, -4.88645, 85.9403, 
10.4699, -5.2492, 76.6147, 
10.504, -5.51032, -86.661, 
10.5386, -5.71348, -86.966, 
10.5728, -5.87434, -87.2354, 
10.6073, -6.10618, 87.5157, 
10.6458, -6.38229, 87.8225, 
10.6772, -6.67293, 88.0902, 
10.7122, -6.90783, -88.3599, 
10.7467, -7.10449, -88.6089, 
10.7806, -7.18946, -88.8191, 
10.818, -7.37989, 88.4873, 
10.8509, -7.54926, 89.2526, 
10.8848, -7.76664, 89.4747, 
10.9197, -7.93081, -89.6831, 
10.9551, -7.99275, -89.8711, 
10.9934, -8.04948, -90.0547, 
11.0236, -8.18145, 90.216, 
11.061, -8.35468, 90.4289, 
11.0936, -8.56403, -90.6155, 
11.129, -8.66084, -90.7893, 
11.164, -8.68671, -90.9226, 
11.1981, -8.77474, 91.0784, 
11.2335, -9.00335, 91.2506, 
11.2666, -9.21608, 91.4155, 
11.3023, -9.36035, -91.5862, 
11.338, -9.44478, -91.7211, 
11.3712, -9.50331, -83.9449, 
11.4067, -9.60109, 91.9646, 
11.4394, -9.7491, 92.0994, 
11.4748, -9.93992, -92.2323, 
11.5114, -9.985, -92.3483, 
11.5445, -9.96244, -6.41135, 
11.5799, -10.0566, 92.5364, 
11.6132, -10.2252, 92.6461, 
11.649, -10.3108, -92.756, 
11.6861, -10.3416, -92.853, 
11.7188, -10.3196, -92.9236, 
11.752, -10.2979, 82.5225, 
11.7871, -10.3872, 93.0949, 
11.821, -10.5466, 93.1866, 
11.8581, -10.6223, -93.2792, 
11.8904, -10.5787, -93.3176, 
11.9289, -10.4163, -93.3339, 
11.9617, -10.3126, -93.3629, 
11.9972, -10.2892, -93.42, 
12.0326, -10.356, -93.4602, 
12.0654, -10.4156, 93.5367, 
12.1009, -10.5435, 93.6234, 
12.1337, -10.6916, 93.6937, 
12.1708, -10.7806, 93.7805, 
12.2047, -10.8276, 93.8265, 
12.2379, -10.8055, -85.8032, 
12.272, -10.7529, -93.8976, 
12.3079, -10.6081, -93.9112, 
12.3442, -10.4669, 83.349, 
12.3788, -10.4255, -93.9433, 
12.4132, -10.3858, 93.9612, 
12.4473, -10.2942, 93.9856, 
12.4813, -10.2804, 94.0267, 
12.5175, -10.2573, 94.0616, 
12.5523, -11.0901, 94.2509, 
12.591, -11.933, 83.8193, 
12.6194, -12.5294, -94.5984, 
12.6542, -13.2399, -94.771, 
12.6907, -13.9109, -94.94, 
12.7299, -14.6076, -95.1166, 
12.7595, -15.1133, -95.223, 
12.7931, -15.6709, -95.3881, 
12.8293, -16.2529, 95.5361, 
12.8628, -16.7961, 95.676, 
12.899, -17.3897, 95.825, 
12.9329, -17.9261, 95.9603, 
12.9674, -18.406, 96.0863, 
13.0015, -18.8197, 96.1942, 
13.0357, -19.2212, 96.2992, 
13.0726, -19.6005, -96.3806, 
13.106, -19.9172, -96.401, 
13.1403, -20.2491, -96.3311, 
13.177, -20.657, -96.1181, 
13.2103, -20.9807, -96.0021, 
13.2462, -21.2934, -95.9464, 
13.28, -21.6373, -95.7662, 
13.3143, -21.9149, -95.7228, 
13.3499, -22.1946, -95.6799, 
13.383, -22.4279, -95.7281, 
13.4211, -22.6877, 95.7844, 
13.4521, -22.8956, 95.8239, 
13.4873, -23.136, -6.65667, 
13.5219, -23.348, -95.9761, 
13.5569, -23.575, 95.3541, 
13.5951, -23.8153, 85.1008, 
13.627, -23.9943, -95.8815, 
13.6613, -24.8893, -94.9474, 
13.6961, -25.1278, -6.57697, 
13.7308, -25.9961, 93.8739, 
13.7673, -26.8353, 92.9662, 
13.7995, -27.58, 92.1598, 
13.8345, -28.4249, 91.2467, 
13.8692, -29.2481, 90.3431, 
13.9037, -29.9857, 89.4925, 
13.9414, -30.7806, 88.5627, 
13.9732, -31.3956, 87.7923, 
14.0078, -32.0164, 86.97, 
14.0423, -32.6529, -86.1304, 
14.0773, -33.2083, -85.3045, 
14.1164, -33.8213, -84.3819, 
14.1469, -34.2697, -83.6822, 
14.1845, -34.8502, -82.8367, 
14.2202, -35.3423, -82.0672, 
14.2535, -35.7447, 81.3801, 
14.2893, -36.1017, 80.6656, 
14.3223, -36.3537, 80.0304, 
14.3591, -36.4555, -79.3534, 
14.3913, -36.4054, -78.7597, 
14.428, -36.4013, -78.0628, 
14.4632, -36.3842, -77.4039, 
14.4964, -36.279, 76.8102, 
14.5334, -36.0286, -76.1621, 
14.5656, -35.7105, 75.6288, 
14.6029, -35.134, 74.9977, 
14.6376, -34.7174, 74.392, 
14.6688, -34.3468, -73.8513, 
14.7027, -33.7642, -73.2684, 
14.7368, -33.1244, 72.6457, 
14.7717, -32.4869, 72.0252, 
14.807, 62, -62, 
14.8415, -31.4481, -71.3966, 
14.8766, -30.3924, 70.7563, 
14.9095, -29.446, 70.3216, 
14.9477, -28.7456, 69.9102, 
14.9824, -27.9096, 69.5528, 
15.0147, -27.1792, -69.112, 
15.0511, -26.2401, -68.615, 
15.0853, -25.4083, 68.1062, 
15.1189, -24.6607, -67.6515, 
15.1541, -23.9483, 67.2212, 
15.1906, -23.0489, 66.7471, 
15.2224, 62, -62, 
15.2581, -21.8909, 66.3444, 
15.2924, -20.9481, 65.899, 
15.3291, -20.0173, -65.5581, 
15.3618, -19.0896, 65.2619, 
15.3963, -18.2589, 64.8737, 
15.4319, -17.4832, 64.5232, 
15.4659, -16.6879, 64.1482, 
15.5017, -15.84, 63.7422, 
15.5359, -15.0243, 63.3458, 
15.5691, -14.2206, 62.9495, 
15.6044, -13.3592, 62.5188, 
15.6388, -12.5107, 62.0889, 
15.6782, -11.5324, 61.5869, 
15.7176, -10.7765, 61.0404, 
15.7433, -10.1574, 60.7235, 
15.7782, 62, -62, 
15.8132, -9.45943, 60.2158, 
15.8497, -8.7575, 59.7052, 
15.8833, -7.91787, 59.4483, 
15.9178, -7.28267, 59.1505, 
15.9519, -6.91215, 58.6998, 
15.9859, 62, -62, 
16.0225, -6.30599, 58.2477, 
16.0564, -5.7276, 57.8174, 
16.0903, -5.20514, 57.4277, 
16.1268, -4.66222, 57.0228, 
16.1598, -4.11965, 56.62, 
16.1962, -3.82343, 56.0567, 
16.2294, -3.36939, 55.5664, 
16.264, -3.04352, 55.0133, 
16.3005, -2.67297, 54.4193, 
16.3332, -2.32025, 53.8818, 
16.3705, -1.92413, 53.2813, 
16.4038, -1.62531, 52.7244, 
16.4381, -1.2123, 52.1546, 
16.4731, -0.800107, 51.588, 
16.5062, -0.255327, 51.0958, 
16.5441, 0.389524, 50.5183, 
16.5755, 0.775607, 50.0091, 
16.6115, 1.24415, 49.4115, 
16.6462, 1.65113, 48.8769, 
16.6797, 2.03332, 48.376, 
16.7166, 2.3136, 47.7809, 
16.7497, 2.56137, 47.2612, 
16.7842, 2.81613, 46.7328, 
16.8194, 3.07291, 46.206, 
16.8553, 3.21903, 45.6301, 
16.8909, 3.36524, 45.074, 
16.9224, 3.49571, 44.5932, 
16.9573, 3.54555, 44.0263, 
16.9918, 3.6001, 43.478, 
17.0268, 3.66018, 42.9355, 
17.0642, 3.5144, 42.3191, 
17.0965, 3.48617, 41.8211, 
17.1319, 62, -62, 
17.1655, 3.37396, 41.2932, 
17.2002, 3.26833, 40.7602, 
17.2368, 3.06295, 40.2066, 
17.2696, 2.84237, 39.6918, 
17.3068, 2.62628, 39.1086, 
17.3392, 2.53534, 38.6486, 
17.3748, 2.35171, 38.1155, 
17.4111, 62, -62, 
17.4432, 2.15917, 37.6463, 
17.4789, 1.9344, 37.12, 
17.5126, 1.70275, 36.6627, 
17.549, 1.54734, 36.1812, 
17.5851, 1.35897, 35.6871, 
17.6173, 1.13512, 35.2571, 
17.6522, 0.873395, 34.7798, 
17.6863, 0.630282, 34.3245, 
17.7219, 0.390159, 33.8621, 
17.7571, 0.12194, 33.4059, 
17.7902, -0.156375, 32.9684, 
17.8272, -0.394033, 32.5015, 
17.8611, -0.637024, 32.079, 
17.8966, -0.859568, 31.651, 
17.9302, -1.06307, 31.2426, 
17.9646, -1.14379, 30.9244, 
17.9991, -1.21883, 30.6131, 
18.0336, -1.40386, 30.2173, 
18.0722, -1.59893, 29.7845, 
18.1043, -1.78393, 29.4312, 
18.1395, -2.00913, 29.0477, 
18.1731, -2.21292, 28.6918, 
18.2071, -2.40941, 28.3399, 
18.2435, -2.60882, 27.9728, 
18.2781, -2.75541, 27.6371, 
18.3146, -2.90121, 27.2904, 
18.3474, -3.024, 26.9869, 
18.3805, -3.14081, 26.6872, 
18.4162, -3.25879, 26.3717, 
18.4518, -3.40261, 26.0622, 
18.4853, -3.51483, 25.7791, 
18.5198, -3.63925, 25.4936, 
18.5549, -3.74215, 25.1961, 
18.5896, -3.7797, 24.9642, 
18.6255, -3.83668, 24.6723, 
18.6596, -3.88527, 24.4016, 
18.6931, -3.92814, 24.141, 
18.7297, -3.96965, 23.8628, 
18.7636, -4.0383, 23.6108, 
18.7999, -4.13884, 23.3464, 
18.8354, -4.18598, 23.1519, 
18.8669, -4.23541, 22.9327, 
18.9017, -4.23343, 22.7571, 
18.9368, -4.22986, 22.5844, 
18.9742, -4.26843, 22.4005, 
19.0069, -4.29945, 22.2444, 
19.0412, -4.32955, 22.0847, 
19.0764, -4.35805, 21.9245, 
19.1096, -4.42058, 21.7204, 
19.1463, -4.44367, 21.5641, 
19.1799, -4.46979, 21.4126, 
19.2149, -4.49463, 21.2594, 
19.2497, -4.52383, 21.0993, 
19.2838, -4.55001, 20.9466, 
19.3201, -4.55637, 20.789, 
19.3535, -4.56724, 20.6373, 
19.3875, -4.55809, 20.4873, 
19.4233, -4.53963, 20.3452, 
19.457, -4.52182, 20.2154, 
19.4932, -4.5096, 20.0665, 
19.5274, -4.49724, 19.9299, 
19.5626, -4.50271, 19.792, 
19.599, -4.50056, 19.666, 
19.6299, -4.48666, 19.552, 
19.6669, -4.46937, 19.4181, 
19.6998, -4.47135, 19.302, 
19.7347, -4.45368, 19.1831, 
19.7702, -4.43531, 19.0648, 
19.8043, -4.4175, 18.9548, 
19.8424, -4.41773, 18.8339, 
19.8733, -4.42485, 18.6919, 
19.9084, -4.44665, 18.5342, 
19.9434, -4.44283, 18.435, 
19.9776, -4.43857, 18.3409, 
20.0152, -4.43334, 18.2402, 
20.0474, -4.41123, 18.1573, 
20.0818, 62, -62, 
20.1169, -4.40613, 18.0685, 
20.1508, -4.42852, 17.9509, 
20.1889, -4.50167, 17.867, 
20.2204, -4.5596, 17.8004, 
20.255, -4.59992, 17.789, 
20.2911, -4.65554, 17.7912, 
20.3244, -4.71188, 17.7236, 
20.3642, -4.78055, 17.6192, 
20.3942, -4.79873, 17.5899, 
20.4305, -4.81997, 17.5556, 
20.4657, -4.83972, 17.5235, 
20.4995, -4.85801, 17.4937, 
20.536, -4.87708, 17.4625, 
20.5674, -4.92039, 17.4325, 
20.6062, -4.93817, 17.4017, 
20.6391, -4.95259, 17.3765, 
20.6735, -4.99765, 17.3466, 
20.7115, -5.01201, 17.3196, 
20.7436, -5.02363, 17.2977, 
20.7789, -5.06731, 17.2699, 
20.8125, -5.0776, 17.2485, 
20.8467, -5.11826, 17.2234, 
20.8815, -5.15916, 17.1847, 
20.9149, -5.19714, 17.1488, 
20.9506, -5.23634, 17.1118, 
20.9849, 62, -62, 
21.0222, -5.27588, 17.0745, 
21.0557, -5.31182, 17.0177, 
21.0873, -5.38998, 17.0197, 
21.1235, -5.48041, 17.0557, 
21.1573, -5.56214, 17.0884, 
21.1932, -5.64647, 17.1225, 
21.228, -5.72215, 17.1093, 
21.2633, -5.79677, 17.0967, 
21.2983, -5.86873, 17.0852, 
21.3336, -5.94143, 17.1043, 
21.3666, -6.00869, 17.1374, 
21.4017, -6.0767, 17.1553, 
21.4351, -6.14095, 17.1877, 
21.469, -6.20408, 17.2197, 
21.506, -6.27114, 17.2539, 
21.5395, -6.32975, 17.2838, 
21.5754, -6.39059, 17.315, 
21.6092, -6.44621, 17.3436, 
21.6431, -6.50017, 17.3715, 
21.6803, -6.55758, 17.4012, 
21.7174, -6.61299, 17.43, 
21.751, -6.66151, 17.4553, 
21.7846, -6.70553, 17.4129, 
21.8177, -6.74815, 17.3963, 
21.8529, -6.79284, 17.3934, 
21.8898, -6.83828, 17.3907, 
21.924, -6.87782, 17.362, 
21.9588, -6.9172, 17.347, 
21.9923, -6.95674, 17.3764, 
22.0281, -6.99772, 17.4068, 
22.0609, -7.03284, 17.4187, 
22.097, -7.07144, 17.448, 
22.1299, -7.10543, 17.4737, 
22.1646, -7.1392, 17.4843, 
22.2006, -7.173, 17.4949, 
22.2344, -7.20373, 17.5046, 
22.2706, -7.23561, 17.5147, 
22.3036, -7.26375, 17.5237, 
22.3377, -7.29188, 17.5327, 
22.3737, -7.32061, 17.542, 
22.407, -7.34635, 17.5504, 
22.444, -7.37401, 17.5594, 
22.4779, -7.39847, 17.5674, 
22.514, -7.42366, 17.5757, 
22.5493, -7.4475, 17.5835, 
22.5801, -7.46762, 17.5902, 
22.6189, -7.4922, 17.5984, 
22.6505, -7.51146, 17.6048, 
22.685, -7.53191, 17.6117, 
22.7218, -7.55294, 17.6187, 
22.754, 62, -62, 
22.7929, -7.57333, -17.5944, 
22.8228, -7.61247, -17.599, 
22.8584, 62, -62, 
22.8936, -7.77545, 17.7279, 
22.9275, 62, -62, 
22.9641, 62, -62, 
22.9967, 62, -62, 
23.0316, 62, -62, 
23.0668, 62, -62, 
23.1013, 62, -62, 
23.1384, 62, -62, 
23.1702, 62, -62, 
23.2058, 62, -62, 
23.2411, 62, -62, 
23.2739, 62, -62, 
23.3152, 62, -62, 
23.3442, 62, -62, 
23.3808, 62, -62, 
23.4128, 62, -62, 
23.4487, 62, -62, 
23.4846, 62, -62, 
23.5162, 62, -62, 
23.5512, -16.6886, -28.0996, 
23.5857, -24.0185, -37.1847, 
23.6213, -29.6334, -44.7498, 
23.6573, -33.431, -50.4768, 
23.6907, -35.6936, -54.4362, 
23.7293, -37.5718, -58.2419, 
23.7594, -38.5829, -60.7001, 
23.7941, -39.3465, -63.0523, 
23.8309, -39.8863, -65.22, 
23.8638, 62, -62, 
23.8991, 62, -62, 
23.9342, 62, -62, 
23.9682, -40.2491, -67.0603, 
24.0045, -40.6271, -63.0252, 
24.0375, -40.9783, 70.5902, 
24.075, -41.2967, 72.2953, 
24.1064, -41.4348, -73.5709, 
24.1414, -41.4749, -74.8585, 
24.1813, -41.316, -76.1191, 
24.2168, -41.159, -77.1734, 
24.2461, -41.0258, -77.9959, 
24.2804, -40.7836, -78.8543, 
24.3211, -40.4319, -79.7175, 
24.353, -40.1567, -80.3543, 
24.3879, -39.8501, -80.9065, 
24.4211, -39.5644, 81.3812, 
24.4545, -39.2829, 81.8905, 
24.4896, -39.0386, 82.2283, 
24.5251, -38.8903, 82.3792, 
24.5577, -38.6633, 82.472, 
24.5933, -38.1973, 82.6896, 
24.6286, -37.6342, 82.8491, 
24.6654, -37.1077, 82.8008, 
24.6994, -36.4029, 82.7627, 
24.7322, -35.768, 82.5754, 
24.7677, -35.0899, 82.3126, 
24.8009, -34.5516, 81.9948, 
24.837, -33.8966, 81.6161, 
24.8712, -33.2125, 81.2264, 
24.9067, -32.5342, 80.7744, 
24.9394, -31.9381, 80.3158, 
24.9743, -31.422, 79.7707, 
25.0093, 62, -62, 
25.0451, 62, -62, 
25.0796, 62, -62, 
25.113, -30.8037, 79.1852, 
25.1486, -30.203, 78.7291, 
25.1833, -29.942, 78.3353, 
25.2186, -29.6096, 77.9066, 
25.2529, -29.3965, 77.3876, 
25.2868, 62, -62, 
25.3238, 62, -62, 
25.3587, -29.1185, 76.7823, 
25.3953, -28.7209, 76.2788, 
25.4282, -28.4318, 75.9275, 
25.4611, -28.3449, 75.4763, 
25.495, 62, -62, 
25.5296, 62, -62, 
25.5679, 62, -62, 
25.5998, -28.0477, 75.0319, 
25.6355, -28.0149, 74.5942, 
25.671, -28.0977, 74.2334, 
25.7038, -28.0606, 73.9012, 
25.7409, -28.1005, 73.4203, 
25.7731, -27.9978, 73.0313, 
25.8086, -27.8215, 72.5764, 
25.843, 62, -62, 
25.8776, 62, -62, 
25.9135, 62, -62, 
25.9465, -27.6588, 72.1409, 
25.9812, -27.5579, 71.8911, 
26.0171, -27.8137, 63.4524, 
26.0504, -27.8647, 71.1898, 
26.0868, -27.8543, 70.8206, 
26.1224, -27.7848, 70.4911, 
26.1567, -27.6551, 70.1467, 
26.1912, 62, -62, 
26.2237, 62, -62, 
26.2598, 62, -62, 
26.2944, -27.6341, 69.6536, 
26.3292, -27.71, -4.80564, 
26.3694, -27.9078, -68.5704, 
26.3998, -28.0493, -68.5902, 
26.4382, -28.2223, -4.73221, 
26.4685, -28.3504, -67.9501, 
26.5016, -28.4844, 67.6699, 
26.538, -28.4729, 67.3755, 
26.5715, -28.4248, 67.1924, 
26.6087, -28.1792, 66.9399, 
26.6407, -27.9502, 66.6605, 
26.675, -27.7975, 66.316, 
26.7104, 62, -62, 
26.745, 62, -62, 
26.7839, 62, -62, 
26.8146, -27.3976, 66.0514, 
26.8519, -27.1375, 65.873, 
26.8833, -27.101, 65.8335, 
26.9177, -27.0622, 65.7917, 
26.9556, -27.0524, 65.636, 
26.9875, -26.9806, 65.4708, 
27.024, -27.0065, 65.1865, 
27.0572, -26.8641, 64.9859, 
27.0923, 62, -62, 
27.1282, 62, -62, 
27.1617, 62, -62, 
27.1968, -26.8067, 64.6044, 
27.2301, -26.7353, 64.4825, 
27.2655, -26.804, 64.3999, 
27.3017, -26.8715, 64.3604, 
27.3355, -26.8913, 64.1742, 
27.371, -26.8778, 63.9665, 
27.4038, -26.8344, 63.7598, 
27.4401, 62, -62, 
27.4746, 62, -62, 
27.5085, 62, -62, 
27.5437, -26.8234, 56.32, 
27.5786, -26.8152, -63.3962, 
27.6139, -26.9903, -57.9301, 
27.6489, -27.1303, -63.2984, 
27.6825, -27.329, 56.0566, 
27.7195, -27.4546, 63.1789, 
27.7519, -27.4937, 63.1847, 
27.7895, -27.4589, 63.1192, 
27.822, -27.4947, 62.9547, 
27.8561, -27.3534, 62.8335, 
27.8914, -27.1745, 62.6881, 
27.9251, -27.0634, -62.4796, 
27.9604, 62, -62, 
27.9957, 62, -62, 
28.0308, -26.8781, 62.2769, 
28.0635, -26.7266, 62.1592, 
28.0992, -26.7196, 62.1324, 
28.1337, -26.7131, 62.1074, 
28.1696, -26.5524, 61.984, 
28.2031, -26.3906, 61.805, 
28.2366, 62, -62, 
28.272, 62, -62, 
28.3074, 62, -62, 
28.343, -26.0876, 61.5911, 
28.3791, -26.0541, 61.4353, 
28.4102, -26.1923, 61.3644, 
28.4459, -26.204, 61.3656, 
28.4812, -26.1883, 61.2906, 
28.516, -26.049, 61.1977, 
28.5535, 62, -62, 
28.5839, -25.8652, 61.0758, 
28.62, 62, -62, 
28.6527, 62, -62, 
28.6896, -25.8018, 60.8015, 
28.7243, -25.7081, 60.6311, 
28.7573, -25.7818, 60.5781, 
28.7929, -25.8084, 60.6076, 
28.8272, -25.7819, 60.4891, 
28.8632, -25.7815, 60.2795, 
28.8967, 62, -62, 
28.9306, 62, -62, 
28.9669, 62, -62, 
29.0001, -25.8577, -54.8914, 
29.0369, -26.1142, -59.8479, 
29.071, -26.3099, -59.9043, 
29.1052, -26.5887, -59.9154, 
29.1402, -26.8095, -59.9803, 
29.1742, -26.9519, 60.1385, 
29.2123, -27.0214, 60.2428, 
29.2428, -27.0374, 60.3525, 
29.2816, -27.0179, 60.3937, 
29.314, -26.9296, 60.3794, 
29.3488, -26.7236, 60.352, 
29.3861, -26.5492, 60.2823, 
29.4175, -26.3557, 60.1911, 
29.4518, -26.1317, 60.0819, 
29.4871, 62, -62, 
29.5216, 62, -62, 
29.5587, -25.8192, -59.8502, 
29.5904, -25.7286, 59.7202, 
29.6251, -25.6806, 59.7303, 
29.6596, -25.7917, 59.7266, 
29.6954, -25.74, 59.7367, 
29.7329, -25.6457, 59.7195, 
29.7648, -25.5333, 59.6823, 
29.7993, -25.4296, 59.593, 
29.8332, 62, -62, 
29.868, 62, -62, 
29.9062, -25.1313, 59.4381, 
29.9391, -24.9591, 59.3606, 
29.973, -24.9392, 59.3834, 
30.0063, -24.9386, 59.3052, 
30.0421, -24.7844, 59.309, 
30.0783, -24.6649, 59.2038, 
30.1109, 62, -62, 
30.147, 62, -62, 
30.1799, 62, -62, 
30.2165, -24.5646, 59.0516, 
30.2516, -24.5761, 58.9799, 
30.2846, -24.7159, 58.9983, 
30.3192, -24.8582, 59.0174, 
30.3532, -24.8421, 59.0524, 
30.3911, -24.9087, 58.9588, 
30.4243, -24.8171, 58.9461, 
30.4577, 62, -62, 
30.4944, 62, -62, 
30.5274, -24.5804, 58.8341, 
30.563, -24.414, 58.7722, 
30.6002, -24.4134, 58.8201, 
30.6331, -24.558, 58.8433, 
30.6703, -24.5884, 58.7867, 
30.7026, 62, -62, 
30.7397, 62, -62, 
30.7745, -24.4254, 58.7277, 
30.8062, -24.4927, 58.6585, 
30.8399, -24.6387, 58.6883, 
30.8753, -24.8215, 58.7399, 
30.9096, -24.9227, 58.8016, 
30.9459, -25.0512, 58.765, 
30.9785, -25.1111, 58.7491, 
31.0145, 62, -62, 
31.048, 62, -62, 
31.0832, -25.2035, 58.5554, 
31.119, -25.3791, -58.4208, 
31.1528, -25.624, -58.4416, 
31.187, -25.8342, -58.444, 
31.2213, -26.0696, -58.4663, 
31.2578, -26.3129, 58.4912, 
31.2931, -26.4063, 58.6333, 
31.3269, -26.4534, 58.775, 
31.3602, -26.4163, 58.8987, 
31.395, -26.3437, 58.9367, 
31.4318, -26.2896, 58.865, 
31.4674, -26.0222, 58.9069, 
31.5023, -25.8025, 58.8374, 
31.5357, 62, -62, 
31.5712, 62, -62, 
31.6054, -25.5159, 58.7181, 
31.6406, -25.4213, 58.6089, 
31.675, -25.3856, 58.6583, 
31.709, -25.3682, 58.6016, 
31.7452, 62, -62, 
31.7797, 62, -62, 
31.8146, -25.3074, 58.4103, 
31.8458, -25.2074, 58.4143, 
31.8818, -25.2598, 58.1635, 
31.9178, -25.4266, 58.5893, 
31.9505, -25.4748, 58.5806, 
31.9886, -25.4624, 58.5895, 
32.0225, -25.5239, 58.4863, 
32.0564, 62, -62, 
32.0914, 62, -62, 
32.1254, -25.5171, 58.2973, 
32.1637, -25.5836, 57.8308, 
32.1959, -25.6919, -58.2397, 
32.231, -25.7346, 58.243, 
32.2649, -25.7863, 57.7909, 
32.299, -25.852, 57.7135, 
32.3349, 62, -62, 
32.3698, 62, -62, 
32.4032, -25.7127, -57.9648, 
32.438, -25.674, 57.8695, 
32.473, -25.7112, 57.6404, 
32.5092, -25.8308, 58.1849, 
32.542, -25.8593, 58.296, 
32.5754, -25.8099, 58.3546, 
32.6115, -25.7584, 58.4155, 
32.6466, -25.6795, 58.391, 
32.6845, -25.6091, 58.3109, 
32.7163, 62, -62, 
32.7521, 62, -62, 
32.7846, -25.4495, 58.1755, 
32.8198, -25.2493, 58.1312, 
32.8559, -25.3017, 58.2567, 
32.8894, -25.355, 58.2589, 
32.9232, -25.338, 58.2153, 
32.9588, 62, -62, 
32.9923, 62, -62, 
33.0292, -25.2722, -58.0247, 
33.0617, -25.3354, -57.9424, 
33.0976, -25.5656, -57.9489, 
33.1307, -25.8158, -58.0087, 
33.1649, -26.0514, -53.0552, 
33.2027, -26.2441, 58.2254, 
33.2351, -26.3362, 58.4435, 
33.2734, -26.4778, 58.5803, 
33.3036, -26.4833, 58.6694, 
33.3395, -26.4268, 58.7309, 
33.3764, -26.3496, 58.7777, 
33.4078, -26.2864, 58.816, 
33.4425, -26.1894, 58.7773, 
33.4785, -26.1045, 58.6876, 
33.512, -25.9438, -58.605, 
33.5483, 62, -62, 
33.5815, 62, -62, 
33.6155, -25.8014, 58.4782, 
33.6516, -25.7673, 58.4238, 
33.6862, -25.7965, 58.6604, 
33.7277, -25.8279, 58.9311, 
33.7545, -25.8493, 59.0001, 
33.7924, -25.8897, 58.9753, 
33.8265, -25.8372, 59.0109, 
33.8601, -25.7598, 58.9682, 
33.8961, 62, -62, 
33.9315, 62, -62, 
33.9628, -25.4998, 58.8557, 
33.9984, -25.4052, 58.7409, 
34.0331, -25.4478, 58.837, 
34.0691, -25.4563, 58.8487, 
34.1043, -25.3382, 58.8376, 
34.1383, -25.2039, 58.7517, 
34.1719, 62, -62, 
34.209, 62, -62, 
34.2432, 62, -62, 
34.2775, 62, -62, 
34.3106, -25.2128, -4.06569, 
34.3474, -25.4517, 51.9172, 
34.3822, -25.7096, -58.6315, 
34.4176, -25.9795, 58.5185, 
34.4534, -26.1631, -4.09854, 
34.4852, -26.3198, 59.2482, 
34.5206, -26.4095, 59.3785, 
34.5533, -26.489, 59.4942, 
34.59, -26.4924, 59.5664, 
34.6235, -26.4195, 59.5801, 
34.6584, -26.3461, 59.5941, 
34.696, -26.2927, 59.4981, 
34.7274, 62, -62, 
34.7629, 62, -62, 
34.7976, 62, -62, 
34.8313, -26.2694, -54.2268, 
34.8673, -26.4387, -59.2832, 
34.9017, -26.7318, -59.3272, 
34.939, -27.1536, -59.4446, 
34.9707, -27.5009, -59.5434, 
35.0054, -27.8067, -59.7657, 
35.0408, -28.0993, 53.1765, 
35.0746, -28.2764, 60.1214, 
35.1114, -28.4625, 60.3292, 
35.1452, -28.4708, 60.5358, 
35.1799, -28.4811, 60.616, 
35.2165, -28.2839, 60.8418, 
35.2476, -28.2279, 60.858, 
35.2847, -28.0789, 60.8214, 
35.3177, -27.8453, 60.8416, 
35.3516, -27.7491, 60.7155, 
35.3885, -27.5359, 60.63, 
35.4241, -27.2564, 60.4962, 
35.4586, 62, -62, 
35.4924, 62, -62, 
35.5254, 62, -62, 
35.5614, -27.028, 60.2754, 
35.5949, -26.9363, 60.2644, 
35.6326, -27.0052, 60.3617, 
35.6655, -26.9898, 60.3962, 
35.7003, -26.8958, 60.3808, 
35.7361, -26.8276, 60.2635, 
35.7684, -26.7925, 60.0822, 
35.8068, 62, -62, 
35.8385, 62, -62, 
35.8722, -26.6816, -59.8011, 
35.9068, -26.6461, 59.2498, 
35.9417, -26.8057, -59.2067, 
35.9809, -26.9722, -4.12255, 
36.0106, -26.9715, 52.7076, 
36.0484, -27.0157, 59.329, 
36.0802, -27.0134, 59.2985, 
36.1152, 62, -62, 
36.151, 62, -62, 
36.1843, -26.8715, -59.1223, 
36.2194, -26.8246, 58.958, 
36.2537, -26.8176, 59.0452, 
36.2886, -26.8533, 59.0988, 
36.325, -26.7601, 59.1302, 
36.3579, -26.6028, 59.1064, 
36.3927, -26.418, 59.0056, 
36.4283, 62, -62, 
36.4623, 62, -62, 
36.4981, -26.1551, 58.8512, 
36.534, -26.0075, 58.4722, 
36.5664, -26.1674, 58.8101, 
36.6008, -26.2063, 58.8588, 
36.637, -26.158, 58.791, 
36.6727, 62, -62, 
36.7051, 62, -62, 
36.7393, 62, -62, 
36.7746, -26.1876, 58.2145, 
36.8091, -26.4121, -58.4279, 
36.8456, -26.7098, -58.4981, 
36.8787, -26.9901, -58.4863, 
36.914, -27.2262, -58.486, 
36.9488, -27.4877, -58.5565, 
36.9834, -27.7143, -4.06925, 
37.0193, -27.8743, 58.7707, 
37.052, -27.9102, 58.9116, 
37.0873, -27.8089, 59.1675, 
37.122, -27.7662, 59.2467, 
37.1574, -27.7553, 59.2278, 
37.193, -27.6293, 59.2511, 
37.2284, -27.4253, 59.2174, 
37.2601, -27.1936, -59.1506, 
37.2966, 62, -62, 
37.3298, 62, -62, 
37.3642, -27.004, 59.0011, 
37.4025, -26.8815, 58.8961, 
37.4348, -26.798, 58.9306, 
37.4693, 62, -62, 
37.504, 62, -62, 
37.5448, 62, -62, 
37.5747, -26.5825, 58.8664, 
37.609, -26.4471, 58.9948, 
37.6448, -26.5385, 59.2716, 
37.6804, -26.536, 59.6242, 
37.7213, -26.5078, 59.753, 
37.7481, -26.5094, 59.7984, 
37.7819, -26.4351, 59.8044, 
37.8165, -26.3836, 59.7094, 
37.8504, -26.2367, 59.6678, 
37.8874, 62, -62, 
37.9217, 62, -62, 
37.9556, -25.9986, 59.5039, 
37.9888, -25.8685, 59.4709, 
38.024, -25.8688, 59.5873, 
38.0625, -25.9361, 59.7549, 
38.0935, -25.9152, 59.8371, 
38.13, -25.8577, 59.8431, 
38.1647, -25.8874, 59.7338, 
38.2002, 62, -62, 
38.2343, 62, -62, 
38.2681, -25.7537, 59.5756, 
38.3015, -25.6315, 59.5407, 
38.3395, -25.6674, 59.6134, 
38.3709, -25.7381, 59.5938, 
38.408, -25.6866, 59.6093, 
38.4408, -25.7427, 59.481, 
38.4792, 62, -62, 
38.5098, 62, -62, 
38.5459, 62, -62, 
38.5807, -25.7998, -4.11717, 
38.6157, -25.8275, -59.4224, 
38.6489, -25.9989, 59.5641, 
38.6854, -26.1804, 59.7337, 
38.7196, -26.4045, 59.7323, 
38.7571, -26.4941, 59.8499, 
38.7877, -26.539, 59.825, 
38.8241, -26.458, 59.8305, 
38.8571, -26.3873, 59.8353, 
38.8922, -26.3368, 59.7381, 
38.9293, 62, -62, 
38.9618, -26.2583, 59.6288, 
